*mcmc_objective[mcmc_objectives]
starting_covariance_matrix {matrix}
process[Recruitment].b0 catchability[chatTANq].q selectivity[chatTANSel].mu selectivity[chatTANSel].sigma_l selectivity[chatTANSel].sigma_r selectivity[eastFSel].mu selectivity[eastFSel].sigma_l selectivity[eastFSel].sigma_r selectivity[westFSel].mu selectivity[westFSel].sigma_l selectivity[westFSel].sigma_r process[Recruitment].ycs_values{1975} process[Recruitment].ycs_values{1976} process[Recruitment].ycs_values{1977} process[Recruitment].ycs_values{1978} process[Recruitment].ycs_values{1979} process[Recruitment].ycs_values{1980} process[Recruitment].ycs_values{1981} process[Recruitment].ycs_values{1982} process[Recruitment].ycs_values{1983} process[Recruitment].ycs_values{1984} process[Recruitment].ycs_values{1985} process[Recruitment].ycs_values{1986} process[Recruitment].ycs_values{1987} process[Recruitment].ycs_values{1988} process[Recruitment].ycs_values{1989} process[Recruitment].ycs_values{1990} process[Recruitment].ycs_values{1991} process[Recruitment].ycs_values{1992} process[Recruitment].ycs_values{1993} process[Recruitment].ycs_values{1994} process[Recruitment].ycs_values{1995} process[Recruitment].ycs_values{1996} process[Recruitment].ycs_values{1997} process[Recruitment].ycs_values{1998} process[Recruitment].ycs_values{1999} process[Recruitment].ycs_values{2000} process[Recruitment].ycs_values{2001} process[Recruitment].ycs_values{2002} process[Recruitment].ycs_values{2003} process[Recruitment].ycs_values{2004} process[Recruitment].ycs_values{2005} process[Recruitment].ycs_values{2006} process[Recruitment].ycs_values{2007} process[Recruitment].ycs_values{2008} process[Recruitment].ycs_values{2009}
1.32336e+08 -168.046 -4553.64 -871.621 -2978.85 -4331.09 -1772.87 1180.55 -755.419 -450.652 -5390.42 -18.0644 15.8847 2.91453 -25.7983 -53.1168 -106.406 -171.505 -212.846 -217.642 -695.642 -121.052 -517.767 -421.809 -497.631 -444.854 -783.081 -895.186 -873.236 -488.482 -587.355 -399.363 -291.979 -217.519 -165.579 -225.639 -174.261 -116.398 -596.106 -34.7499 -284.842 7.46685 -83.704 44.2936 -206.989 -175.742
-168.046 0.000333424 0.00780988 0.00121375 -0.000183754 0.00706709 0.00304651 -0.00229367 0.00159985 0.00102324 0.00736162 5.61562e-05 1.76995e-05 3.51373e-05 6.30277e-05 8.47852e-05 0.000155124 0.000247838 0.000305832 0.000311325 0.000803207 0.000175417 0.000754336 0.000541124 0.000730932 0.000572414 0.00111613 0.00112362 0.001185 0.000607812 0.000776823 0.000522283 0.000385648 0.000286333 0.000213405 0.00029895 0.000220464 0.000150613 0.000757894 -5.16167e-06 0.00039853 -1.31824e-05 0.000140662 2.37001e-06 0.000306867 0.000480868
-4553.64 0.00780988 0.589164 0.318617 -0.293984 0.244994 0.112338 -0.0642715 0.0808859 0.0609619 0.227705 -0.00383182 -0.007933 -0.0107844 -0.0124037 -0.0129383 -0.0115882 -0.00887887 -0.00628495 -0.00495734 0.015662 -0.00187671 0.0199781 0.0236527 0.0132593 0.0195353 0.0296822 0.0380611 0.0258527 0.0271855 0.0222217 0.0204193 0.0130955 0.0119452 0.00907655 0.0117832 0.0118563 0.00667503 0.0403005 0.0137002 0.0197109 0.0069152 0.0132702 0.0109723 -0.00572014 0.00682413
-871.621 0.00121375 0.318617 0.453044 -0.10571 0.09233 0.050606 -0.0633316 0.038081 0.0238477 -0.0495158 -0.0025296 -0.00403961 -0.00505663 -0.0054147 -0.00547822 -0.00595131 -0.00638726 -0.00671948 -0.00703049 0.0195217 0.0167194 -0.00125735 -0.0127153 0.0190441 -0.00443181 -0.000735915 0.00416035 0.007095 -0.000859889 0.00473834 0.000500719 0.00013153 -0.000437598 -0.00239393 0.00210598 -0.00662672 0.00380323 -0.0188366 -0.00463634 -0.00868159 -0.0054365 -0.0124016 -0.0119617 0.0157663 -0.0242495
-2978.85 -0.000183754 -0.293984 -0.10571 3.04803 0.0640516 -0.00947163 0.0606379 0.076454 0.0644041 0.14523 -0.00793649 -0.0138051 -0.01518 -0.0142253 -0.0141858 -0.0197606 -0.0254178 -0.0276784 -0.027703 0.0206619 0.0005121 -0.0219808 0.00872057 0.00632196 0.00187002 0.000556254 0.06746 -0.00943344 0.0398321 0.00895291 0.0110394 0.00443588 0.00357656 0.00461746 -0.000194891 0.00726052 -0.00648065 0.00567121 0.0155911 -0.00423909 0.00940933 -0.00387054 -0.0175517 0.0494186 -0.011824
-4331.09 0.00706709 0.244994 0.09233 0.0640516 0.517117 0.258645 -0.303993 0.0795729 0.0559023 0.15811 -0.00223403 -0.00514572 -0.00706018 -0.00823692 -0.00884483 -0.00814593 -0.00635551 -0.00447909 -0.00353302 0.00794528 0.00155769 0.0128081 0.00925285 0.0146429 0.00661082 0.0246463 0.020453 0.0195509 0.0180591 0.0158403 0.0141868 0.00903966 0.00844646 0.00665506 0.00951346 0.00682511 0.00538324 0.0203544 0.00296792 0.00960825 0.00345287 0.00628634 0.00422005 0.000271928 0.00259333
-1772.87 0.00304651 0.112338 0.050606 -0.00947163 0.258645 0.202134 -0.0521593 0.0382173 0.0166152 0.0154916 -0.00107941 -0.00228844 -0.00328345 -0.00400535 -0.00437677 -0.0040535 -0.00317568 -0.00222594 -0.00170531 0.000552053 0.0025849 0.0114982 -0.00634913 0.0132047 -0.00240155 0.0195982 -0.00522572 0.0202365 0.000266017 0.0102144 0.00575979 0.00398026 0.00369962 0.00268487 0.00554589 -0.00113999 0.00527565 0.00185758 -0.00492392 0.00751683 -0.00148265 0.00262161 0.00555727 -0.0097183 -0.00124863
1180.55 -0.00229367 -0.0642715 -0.0633316 0.0606379 -0.303993 -0.0521593 2.1193 0.066672 -0.0340221 -0.385386 -0.00426133 -0.00823249 -0.0122997 -0.0154784 -0.0169721 -0.0173184 -0.0166167 -0.0145669 -0.0121871 -0.0730793 -0.0139335 0.0335884 -0.0604089 0.0425916 -0.0700564 0.0682056 -0.0803878 0.0370037 -0.0224127 0.00788603 0.00195763 0.000693094 0.003237 0.00304264 0.00179533 -0.00321566 0.00518686 0.00237225 -0.00680256 0.0206578 -0.00186646 0.0111856 0.0357917 -0.0942011 -0.00300269
-755.419 0.00159985 0.0808859 0.038081 0.076454 0.0795729 0.0382173 0.066672 1.28042 1.02211 -1.15148 -0.00504621 -0.0103095 -0.0140172 -0.0171276 -0.0190136 -0.0204529 -0.0214227 -0.0212938 -0.0205228 -0.0328941 0.0188554 -0.0162683 -0.00770505 0.0215089 -0.0332188 0.00411147 -0.00347601 -0.0313423 0.0229151 -0.00307717 0.005434 0.00105239 0.00860464 -0.00230973 0.00633224 -0.00373775 0.00633152 -0.0228188 0.0261198 -0.00192995 0.0123147 0.00931175 0.00524071 0.0171388 0.0170382
-450.652 0.00102324 0.0609619 0.0238477 0.0644041 0.0559023 0.0166152 -0.0340221 1.02211 1.27487 -0.853436 -0.00502451 -0.0104108 -0.0138775 -0.0165997 -0.018235 -0.0195627 -0.020318 -0.0198409 -0.0187447 -0.039933 0.0125965 -0.00351586 -0.00331976 -0.00460037 0.00215172 -0.0286157 0.0179829 -0.032825 0.0259837 -0.0023754 0.00254491 0.00148385 0.00702268 -0.00430907 0.00685545 -0.00571337 0.0076021 -0.0230947 0.0278754 -0.00165151 0.00868507 0.00721852 0.00148663 0.00733799 0.0139997
-5390.42 0.00736162 0.227705 -0.0495158 0.14523 0.15811 0.0154916 -0.385386 -1.15148 -0.853436 2.94417 -0.00195877 -0.00535065 -0.00651361 -0.00572953 -0.00512441 -0.00340487 -1.50486e-05 0.00380596 0.0062753 -0.00684574 -0.0528118 0.0767573 0.0476754 -0.0974817 0.180636 -0.101675 0.145615 0.0295386 0.0409176 0.0287448 0.0222547 0.0169746 0.0081825 0.0107796 0.0131332 0.01621 0.00960154 0.0792132 0.00963484 0.0274516 0.0013606 0.0204814 0.00968521 -0.0412786 0.000600921
-18.0644 5.61562e-05 -0.00383182 -0.0025296 -0.00793649 -0.00223403 -0.00107941 -0.00426133 -0.00504621 -0.00502451 -0.00195877 0.009999 0.00525318 0.00502057 0.00482531 0.00460959 0.00446802 0.00443448 0.0043204 0.00418104 0.00124196 -0.00013267 0.00338843 8.91546e-05 0.00244258 7.76228e-05 0.00325978 0.00129053 0.00299024 0.000880758 0.00176946 0.00108786 0.000885608 0.000698335 0.000511872 0.000778671 0.000605739 0.000556643 0.00273087 0.000667137 0.00114679 5.85305e-05 0.000402069 4.51385e-05 0.000412299 0.00124441
15.8847 1.76995e-05 -0.007933 -0.00403961 -0.0138051 -0.00514572 -0.00228844 -0.00823249 -0.0103095 -0.0104108 -0.00535065 0.00525318 0.0111396 0.0105187 0.0100111 0.00950302 0.00911144 0.0088501 0.00860111 0.00846982 0.00140129 0.000493462 0.00622893 0.000296587 0.00439398 0.000517717 0.00563502 0.00298138 0.00527657 0.00191696 0.00330321 0.0021281 0.00173194 0.00132912 0.00112164 0.0014782 0.0013041 0.00102927 0.00554066 0.00147178 0.00233647 0.000220657 0.000727011 0.000204747 0.000877697 0.00197877
2.91453 3.51373e-05 -0.0107844 -0.00505663 -0.01518 -0.00706018 -0.00328345 -0.0122997 -0.0140172 -0.0138775 -0.00651361 0.00502057 0.0105187 0.0163267 0.0146654 0.0142663 0.0136245 0.0130863 0.0127333 0.0124857 0.00207531 0.000592721 0.00886409 0.000727606 0.00635826 0.000836757 0.00796578 0.00497548 0.00717328 0.00323597 0.00469003 0.00321706 0.00254846 0.00200389 0.001673 0.00212754 0.00200741 0.00141978 0.00805877 0.00232292 0.00318378 0.000468898 0.00105551 0.000195482 0.00152524 0.00260162
-25.7983 6.30277e-05 -0.0124037 -0.0054147 -0.0142253 -0.00823692 -0.00400535 -0.0154784 -0.0171276 -0.0165997 -0.00572953 0.00482531 0.0100111 0.0146654 0.0205831 0.0177054 0.0180267 0.01736 0.0166492 0.0163521 0.00251092 0.000520535 0.011165 0.00148048 0.00796172 0.00128234 0.0100307 0.00705503 0.00872759 0.00465917 0.00592998 0.00430805 0.00333168 0.00267515 0.00222706 0.00272563 0.00275882 0.00173269 0.0104714 0.00312661 0.00393252 0.000731005 0.00138883 0.000278974 0.00184237 0.00299855
-53.1168 8.47852e-05 -0.0129383 -0.00547822 -0.0141858 -0.00884483 -0.00437677 -0.0169721 -0.0190136 -0.018235 -0.00512441 0.00460959 0.00950302 0.0142663 0.0177054 0.023797 0.0204512 0.0214832 0.020576 0.0200452 0.00207648 0.00064029 0.0130931 0.00206974 0.0093602 0.00165486 0.0116316 0.00906828 0.00979765 0.00607135 0.00691171 0.00526388 0.00397672 0.00323951 0.00272229 0.00321668 0.00344284 0.00198154 0.0125574 0.00390648 0.00454011 0.00102885 0.00173103 0.000478941 0.00213816 0.00346521
-106.406 0.000155124 -0.0115882 -0.00595131 -0.0197606 -0.00814593 -0.0040535 -0.0173184 -0.0204529 -0.0195627 -0.00340487 0.00446802 0.00911144 0.0136245 0.0180267 0.0204512 0.0274623 0.0232758 0.0244562 0.0243479 0.000309568 0.00083412 0.0153369 0.00225962 0.0110036 0.00175185 0.0132273 0.0111262 0.0106695 0.00762208 0.00780118 0.00617443 0.00454109 0.00370986 0.0031758 0.00357125 0.00414042 0.00212669 0.0145881 0.00469566 0.00508313 0.00141325 0.00215249 0.000699448 0.00258093 0.00437369
-171.505 0.000247838 -0.00887887 -0.00638726 -0.0254178 -0.00635551 -0.00317568 -0.0166167 -0.0214227 -0.020318 -1.50486e-05 0.00443448 0.0088501 0.0130863 0.01736 0.0214832 0.0232758 0.0308242 0.0259099 0.0275415 -0.00218214 0.000810792 0.0173128 0.00228161 0.012286 0.00177996 0.0145334 0.0128864 0.0112504 0.00901549 0.00846399 0.00691837 0.00496963 0.00406434 0.00353964 0.00377368 0.00474347 0.00211356 0.0162309 0.00531016 0.00552119 0.00182447 0.00257975 0.000959536 0.00273114 0.00525976
-212.846 0.000305832 -0.00628495 -0.00671948 -0.0276784 -0.00447909 -0.00222594 -0.0145669 -0.0212938 -0.0198409 0.00380596 0.0043204 0.00860111 0.0127333 0.0166492 0.020576 0.0244562 0.0259099 0.0340298 0.0289382 -0.00601112 0.000728335 0.018833 0.00207842 0.0130943 0.00166551 0.0150144 0.0143504 0.010828 0.0102628 0.00860598 0.00741751 0.00519624 0.00427539 0.0038243 0.00380105 0.00530771 0.00192073 0.0173287 0.00584275 0.00561066 0.0022947 0.00288801 0.00116009 0.0026418 0.00591082
-217.642 0.000311325 -0.00495734 -0.00703049 -0.027703 -0.00353302 -0.00170531 -0.0121871 -0.0205228 -0.0187447 0.0062753 0.00418104 0.00846982 0.0124857 0.0163521 0.0200452 0.0243479 0.0275415 0.0289382 0.0384506 -0.0101609 0.000613204 0.0198732 0.00175809 0.0134695 0.00145823 0.0148273 0.0153981 0.00975846 0.011209 0.00835887 0.00765788 0.00524413 0.00433954 0.00401316 0.00369513 0.0057698 0.00163701 0.0179318 0.00625367 0.00544468 0.00271695 0.00302198 0.0012672 0.00243598 0.00619709
-695.642 0.000803207 0.015662 0.0195217 0.0206619 0.00794528 0.000552053 -0.0730793 -0.0328941 -0.039933 -0.00684574 0.00124196 0.00140129 0.00207531 0.00251092 0.00207648 0.000309568 -0.00218214 -0.00601112 -0.0101609 0.139126 -0.0325062 -0.00353352 0.0182693 -0.00109296 0.00972907 0.0214089 -0.00883155 0.0353547 -0.00825449 0.0150585 0.00370456 0.0047042 0.00328654 0.000732614 0.00672331 -0.00263205 0.00757218 0.00870851 -0.00284725 0.0119107 -0.00556191 0.00220708 0.00152998 0.00395789 -0.00273465
-121.052 0.000175417 -0.00187671 0.0167194 0.0005121 0.00155769 0.0025849 -0.0139335 0.0188554 0.0125965 -0.0528118 -0.00013267 0.000493462 0.000592721 0.000520535 0.00064029 0.00083412 0.000810792 0.000728335 0.000613204 -0.0325062 0.110528 -0.0487747 0.00248579 0.00369487 0.00916866 -0.00107541 -0.00733184 0.0204661 -0.0110962 0.00789337 -0.000695907 0.000660439 0.0018317 -0.0030317 0.00732687 -0.0104778 0.0126298 -0.0109992 -4.67007e-05 0.0034903 -0.0055184 0.000970602 0.000830468 0.0108657 0.0129285
-517.767 0.000754336 0.0199781 -0.00125735 -0.0219808 0.0128081 0.0114982 0.0335884 -0.0162683 -0.00351586 0.0767573 0.00338843 0.00622893 0.00886409 0.011165 0.0130931 0.0153369 0.0173128 0.018833 0.0198732 -0.00353352 -0.0487747 0.102984 -0.0418277 0.0201496 0.0132906 -0.00160572 0.0194695 0.0135475 0.00668663 0.0108401 0.00673368 0.00543553 0.00484921 0.00245544 0.007161 0.000128094 0.00845126 0.0129455 0.00635513 0.00902599 0.000336711 0.00477805 0.00479088 0.000151345 -0.00246771
-421.809 0.000541124 0.0236527 -0.0127153 0.00872057 0.00925285 -0.00634913 -0.0604089 -0.00770505 -0.00331976 0.0476754 8.91546e-05 0.000296587 0.000727606 0.00148048 0.00206974 0.00225962 0.00228161 0.00207842 0.00175809 0.0182693 0.00248579 -0.0418277 0.0687966 -0.0245497 -0.000109027 0.0186026 0.0111915 -0.004866 0.0161694 0.000228367 0.00610522 0.00283285 0.00162472 0.00492538 -0.00367674 0.0130908 -0.0106679 0.0215999 0.00358912 0.00152479 0.00637301 0.00278989 0.00028481 -0.00981559 0.00603964
-497.631 0.000730932 0.0132593 0.0190441 0.00632196 0.0146429 0.0132047 0.0425916 0.0215089 -0.00460037 -0.0974817 0.00244258 0.00439398 0.00635826 0.00796172 0.0093602 0.0110036 0.012286 0.0130943 0.0134695 -0.00109296 0.00369487 0.0201496 -0.0245497 0.0584374 -0.0270975 0.0229029 0.00546949 0.0075856 0.00663424 0.00595789 0.00546007 0.00310107 0.00328739 0.00209792 0.00319568 0.00147408 0.00296976 0.00531232 0.0043075 0.000522124 0.00175553 -0.000343277 -0.00184568 0.0154092 0.00284945
-444.854 0.000572414 0.0195353 -0.00443181 0.00187002 0.00661082 -0.00240155 -0.0700564 -0.0332188 0.00215172 0.180636 7.76228e-05 0.000517717 0.000836757 0.00128234 0.00165486 0.00175185 0.00177996 0.00166551 0.00145823 0.00972907 0.00916866 0.0132906 -0.000109027 -0.0270975 0.0679463 -0.0371608 0.0167701 0.0217805 -0.00577994 0.0119199 0.00197488 0.00348192 0.00310618 -0.0013307 0.00933831 -0.00798316 0.0141243 0.00188986 0.00204081 0.0113606 -0.00551969 0.00560345 0.00553731 -0.00286171 0.00157242
-783.081 0.00111613 0.0296822 -0.000735915 0.000556254 0.0246463 0.0195982 0.0682056 0.00411147 -0.0286157 -0.101675 0.00325978 0.00563502 0.00796578 0.0100307 0.0116316 0.0132273 0.0145334 0.0150144 0.0148273 0.0214089 -0.00107541 -0.00160572 0.0186026 0.0229029 -0.0371608 0.0868418 -0.0199542 0.0219205 0.0104159 0.0102614 0.0100463 0.00629968 0.00528014 0.00634519 0.00185146 0.0111346 -0.00369676 0.0269653 0.00365834 0.00867668 0.00437128 0.00416105 0.00471841 -0.00831555 0.00968889
-895.186 0.00112362 0.0380611 0.00416035 0.06746 0.020453 -0.00522572 -0.0803878 -0.00347601 0.0179829 0.145615 0.00129053 0.00298138 0.00497548 0.00705503 0.00906828 0.0111262 0.0128864 0.0143504 0.0153981 -0.00883155 -0.00733184 0.0194695 0.0111915 0.00546949 0.0167701 -0.0199542 0.0894212 -0.0271613 0.0344115 0.00367092 0.0120054 0.00558654 0.00526617 0.00530835 0.00166543 0.0110238 -0.0024327 0.0207585 0.0144387 -0.00274231 0.00951172 0.00281262 -0.00447582 0.0161096 0.00120187
-873.236 0.001185 0.0258527 0.007095 -0.00943344 0.0195509 0.0202365 0.0370037 -0.0313423 -0.032825 0.0295386 0.00299024 0.00527657 0.00717328 0.00872759 0.00979765 0.0106695 0.0112504 0.010828 0.00975846 0.0353547 0.0204661 0.0135475 -0.004866 0.0075856 0.0217805 0.0219205 -0.0271613 0.0875962 -0.0268286 0.0272904 0.00564143 0.00800655 0.0066721 0.000404168 0.0151599 -0.00930373 0.020149 0.0108506 -0.00142585 0.0236698 -0.00973238 0.00786669 0.0114758 -0.00960293 0.00866692
-488.482 0.000607812 0.0271855 -0.000859889 0.0398321 0.0180591 0.000266017 -0.0224127 0.0229151 0.0259837 0.0409176 0.000880758 0.00191696 0.00323597 0.00465917 0.00607135 0.00762208 0.00901549 0.0102628 0.011209 -0.00825449 -0.0110962 0.00668663 0.0161694 0.00663424 -0.00577994 0.0104159 0.0344115 -0.0268286 0.0492645 -0.00766624 0.0106567 0.00351823 0.00356376 0.00564743 -0.00215121 0.0133037 -0.00815795 0.0200339 0.0110983 -0.00382514 0.0100993 0.00202653 -0.00258733 0.00578504 0.00215655
-587.355 0.000776823 0.0222217 0.00473834 0.00895291 0.0158403 0.0102144 0.00788603 -0.00307717 -0.0023754 0.0287448 0.00176946 0.00330321 0.00469003 0.00592998 0.00691171 0.00780118 0.00846399 0.00860598 0.00835887 0.0150585 0.00789337 0.0108401 0.000228367 0.00595789 0.0119199 0.0102614 0.00367092 0.0272904 -0.00766624 0.0291056 0.00122943 0.00589362 0.00476697 0.00164681 0.00773227 -0.00167183 0.00910694 0.0107013 0.00280789 0.0111862 -0.00235161 0.00484114 0.00498839 -0.00161087 0.00485878
-399.363 0.000522283 0.0204193 0.000500719 0.0110394 0.0141868 0.00575979 0.00195763 0.005434 0.00254491 0.0222547 0.00108786 0.0021281 0.00321706 0.00430805 0.00526388 0.00617443 0.00691837 0.00741751 0.00765788 0.00370456 -0.000695907 0.00673368 0.00610522 0.00546007 0.00197488 0.0100463 0.0120054 0.00564143 0.0106567 0.00122943 0.0171998 0.000643361 0.00392788 0.00287505 0.00270509 0.00423109 0.00122702 0.0124911 0.00534798 0.00401981 0.00283409 0.00334672 0.0019801 0.000494 0.00356411
-291.979 0.000385648 0.0130955 0.00013153 0.00443588 0.00903966 0.00398026 0.000693094 0.00105239 0.00148385 0.0169746 0.000885608 0.00173194 0.00254846 0.00333168 0.00397672 0.00454109 0.00496963 0.00519624 0.00524413 0.0047042 0.000660439 0.00543553 0.00283285 0.00310107 0.00348192 0.00629968 0.00558654 0.00800655 0.00351823 0.00589362 0.000643361 0.0108539 -5.84669e-05 0.00199242 0.00275959 0.00174489 0.00206979 0.00809064 0.00264413 0.00436273 0.000569633 0.00244932 0.001733 -0.000443413 0.00229472
-217.519 0.000286333 0.0119452 -0.000437598 0.00357656 0.00844646 0.00369962 0.003237 0.00860464 0.00702268 0.0081825 0.000698335 0.00132912 0.00200389 0.00267515 0.00323951 0.00370986 0.00406434 0.00427539 0.00433954 0.00328654 0.0018317 0.00484921 0.00162472 0.00328739 0.00310618 0.00528014 0.00526617 0.0066721 0.00356376 0.00476697 0.00392788 -5.84669e-05 0.009999 -0.000980799 0.00328696 0.00097667 0.0028398 0.00664477 0.00336954 0.00374871 0.000916293 0.00267694 0.00228242 -6.17713e-06 0.00332549
-165.579 0.000213405 0.00907655 -0.00239393 0.00461746 0.00665506 0.00268487 0.00304264 -0.00230973 -0.00430907 0.0107796 0.000511872 0.00112164 0.001673 0.00222706 0.00272229 0.0031758 0.00353964 0.0038243 0.00401316 0.000732614 -0.0030317 0.00245544 0.00492538 0.00209792 -0.0013307 0.00634519 0.00530835 0.000404168 0.00564743 0.00164681 0.00287505 0.00199242 -0.000980799 0.009999 -0.00273938 0.00424585 -0.00154106 0.00798982 0.00215681 0.00173057 0.00196752 0.00135469 0.00056876 -0.00104205 0.000763071
-225.639 0.00029895 0.0117832 0.00210598 -0.000194891 0.00951346 0.00554589 0.00179533 0.00633224 0.00685545 0.0131332 0.000778671 0.0014782 0.00212754 0.00272563 0.00321668 0.00357125 0.00377368 0.00380105 0.00369513 0.00672331 0.00732687 0.007161 -0.00367674 0.00319568 0.00933831 0.00185146 0.00166543 0.0151599 -0.00215121 0.00773227 0.00270509 0.00275959 0.00328696 -0.00273938 0.0157568 -0.0061214 0.00835975 0.00408973 0.00280938 0.00671827 -0.00157603 0.00363766 0.00394991 0.000452072 0.00440069
-174.261 0.000220464 0.0118563 -0.00662672 0.00726052 0.00682511 -0.00113999 -0.00321566 -0.00373775 -0.00571337 0.01621 0.000605739 0.0013041 0.00200741 0.00275882 0.00344284 0.00414042 0.00474347 0.00530771 0.0057698 -0.00263205 -0.0104778 0.000128094 0.0130908 0.00147408 -0.00798316 0.0111346 0.0110238 -0.00930373 0.0133037 -0.00167183 0.00423109 0.00174489 0.00097667 0.00424585 -0.0061214 0.0181897 -0.0109794 0.0151348 0.00397267 -0.000891043 0.00552566 0.0011251 -0.000835289 -0.00212294 0.000700799
-116.398 0.000150613 0.00667503 0.00380323 -0.00648065 0.00538324 0.00527565 0.00518686 0.00633152 0.0076021 0.00960154 0.000556643 0.00102927 0.00141978 0.00173269 0.00198154 0.00212669 0.00211356 0.00192073 0.00163701 0.00757218 0.0126298 0.00845126 -0.0106679 0.00296976 0.0141243 -0.00369676 -0.0024327 0.020149 -0.00815795 0.00910694 0.00122702 0.00206979 0.0028398 -0.00154106 0.00835975 -0.0109794 0.0260493 -0.00736514 0.0031386 0.0082203 -0.00399492 0.00397029 0.00493908 0.00210574 0.00426325
-596.106 0.000757894 0.0403005 -0.0188366 0.00567121 0.0203544 0.00185758 0.00237225 -0.0228188 -0.0230947 0.0792132 0.00273087 0.00554066 0.00805877 0.0104714 0.0125574 0.0145881 0.0162309 0.0173287 0.0179318 0.00870851 -0.0109992 0.0129455 0.0215999 0.00531232 0.00188986 0.0269653 0.0207585 0.0108506 0.0200339 0.0107013 0.0124911 0.00809064 0.00664477 0.00798982 0.00408973 0.0151348 -0.00736514 0.0716987 0.00547176 0.0153797 0.00796152 0.0104006 0.00722814 -0.00786129 0.00910171
-34.7499 -5.16167e-06 0.0137002 -0.00463634 0.0155911 0.00296792 -0.00492392 -0.00680256 0.0261198 0.0278754 0.00963484 0.000667137 0.00147178 0.00232292 0.00312661 0.00390648 0.00469566 0.00531016 0.00584275 0.00625367 -0.00284725 -4.67007e-05 0.00635513 0.00358912 0.0043075 0.00204081 0.00365834 0.0144387 -0.00142585 0.0110983 0.00280789 0.00534798 0.00264413 0.00336954 0.00215681 0.00280938 0.00397267 0.0031386 0.00547176 0.0335814 -0.00187192 0.0055333 0.0051349 0.00267081 0.00400942 0.00545617
-284.842 0.00039853 0.0197109 -0.00868159 -0.00423909 0.00960825 0.00751683 0.0206578 -0.00192995 -0.00165151 0.0274516 0.00114679 0.00233647 0.00318378 0.00393252 0.00454011 0.00508313 0.00552119 0.00561066 0.00544468 0.0119107 0.0034903 0.00902599 0.00152479 0.000522124 0.0113606 0.00867668 -0.00274231 0.0236698 -0.00382514 0.0111862 0.00401981 0.00436273 0.00374871 0.00173057 0.00671827 -0.000891043 0.0082203 0.0153797 -0.00187192 0.0338455 -0.00447466 0.00795013 0.00819518 -0.00811011 0.00518124
7.46685 -1.31824e-05 0.0069152 -0.0054365 0.00940933 0.00345287 -0.00148265 -0.00186646 0.0123147 0.00868507 0.0013606 5.85305e-05 0.000220657 0.000468898 0.000731005 0.00102885 0.00141325 0.00182447 0.0022947 0.00271695 -0.00556191 -0.0055184 0.000336711 0.00637301 0.00175553 -0.00551969 0.00437128 0.00951172 -0.00973238 0.0100993 -0.00235161 0.00283409 0.000569633 0.000916293 0.00196752 -0.00157603 0.00552566 -0.00399492 0.00796152 0.0055333 -0.00447466 0.0132434 -0.000209097 0.000212818 0.00125017 0.00191322
-83.704 0.000140662 0.0132702 -0.0124016 -0.00387054 0.00628634 0.00262161 0.0111856 0.00931175 0.00721852 0.0204814 0.000402069 0.000727011 0.00105551 0.00138883 0.00173103 0.00215249 0.00257975 0.00288801 0.00302198 0.00220708 0.000970602 0.00477805 0.00278989 -0.000343277 0.00560345 0.00416105 0.00281262 0.00786669 0.00202653 0.00484114 0.00334672 0.00244932 0.00267694 0.00135469 0.00363766 0.0011251 0.00397029 0.0104006 0.0051349 0.00795013 -0.000209097 0.0205283 0.00364446 -0.00336719 0.00526645
44.2936 2.37001e-06 0.0109723 -0.0119617 -0.0175517 0.00422005 0.00555727 0.0357917 0.00524071 0.00148663 0.00968521 4.51385e-05 0.000204747 0.000195482 0.000278974 0.000478941 0.000699448 0.000959536 0.00116009 0.0012672 0.00152998 0.000830468 0.00479088 0.00028481 -0.00184568 0.00553731 0.00471841 -0.00447582 0.0114758 -0.00258733 0.00498839 0.0019801 0.001733 0.00228242 0.00056876 0.00394991 -0.000835289 0.00493908 0.00722814 0.00267081 0.00819518 0.000212818 0.00364446 0.0257129 -0.0117031 0.00539777
-206.989 0.000306867 -0.00572014 0.0157663 0.0494186 0.000271928 -0.0097183 -0.0942011 0.0171388 0.00733799 -0.0412786 0.000412299 0.000877697 0.00152524 0.00184237 0.00213816 0.00258093 0.00273114 0.0026418 0.00243598 0.00395789 0.0108657 0.000151345 -0.00981559 0.0154092 -0.00286171 -0.00831555 0.0161096 -0.00960293 0.00578504 -0.00161087 0.000494 -0.000443413 -6.17713e-06 -0.00104205 0.000452072 -0.00212294 0.00210574 -0.00786129 0.00400942 -0.00811011 0.00125017 -0.00336719 -0.0117031 0.0601778 -0.000267355
-175.742 0.000480868 0.00682413 -0.0242495 -0.011824 0.00259333 -0.00124863 -0.00300269 0.0170382 0.0139997 0.000600921 0.00124441 0.00197877 0.00260162 0.00299855 0.00346521 0.00437369 0.00525976 0.00591082 0.00619709 -0.00273465 0.0129285 -0.00246771 0.00603964 0.00284945 0.00157242 0.00968889 0.00120187 0.00866692 0.00215655 0.00485878 0.00356411 0.00229472 0.00332549 0.000763071 0.00440069 0.000700799 0.00426325 0.00910171 0.00545617 0.00518124 0.00191322 0.00526645 0.00539777 -0.000267355 0.065836
samples {dataframe}
sample state objective_score prior likelihood penalties additional_priors jacobians step_size acceptance_rate acceptance_rate_since_adapt
1 initialisation 683.761 -2.02334 675.948 0 9.83667 0 0.02 0 0
2 mcmc 683.79 -1.87645 675.96 0 9.70582 0 0.02 0.5 0.5
3 mcmc 683.849 -1.66922 675.962 0 9.55656 0 0.02 0.666667 0.666667
4 mcmc 683.945 -1.59725 675.983 0 9.5595 0 0.02 0.75 0.75
5 mcmc 684.025 -1.64029 676.012 0 9.65293 0 0.02 0.8 0.8
6 mcmc 684.176 -1.72568 676.038 0 9.86378 0 0.02 0.833333 0.833333
7 mcmc 684.272 -1.60232 676.202 0 9.6728 0 0.02 0.857143 0.857143
8 mcmc 684.31 -1.59598 676.236 0 9.66962 0 0.02 0.875 0.875
9 mcmc 684.524 -1.87161 676.333 0 10.0625 0 0.02 0.888889 0.888889
10 mcmc 684.511 -1.75557 676.374 0 9.8918 0 0.02 0.9 0.9
11 mcmc 684.589 -1.76294 676.319 0 10.0325 0 0.02 0.909091 0.909091
12 mcmc 684.615 -1.58509 676.297 0 9.9028 0 0.02 0.916667 0.916667
13 mcmc 684.827 -1.58829 676.457 0 9.95832 0 0.02 0.923077 0.923077
14 mcmc 685.643 -1.48481 677.429 0 9.69845 0 0.02 0.928571 0.928571
15 mcmc 685.539 -1.26078 677.278 0 9.52164 0 0.02 0.933333 0.933333
16 mcmc 685.757 -1.31633 677.392 0 9.68152 0 0.02 0.9375 0.9375
17 mcmc 686.017 -1.19707 677.489 0 9.72433 0 0.02 0.941176 0.941176
18 mcmc 686.123 -1.15915 677.507 0 9.77509 0 0.02 0.944444 0.944444
19 mcmc 686.183 -1.01429 677.568 0 9.62919 0 0.02 0.947368 0.947368
20 mcmc 686.144 -1.09671 677.684 0 9.5561 0 0.02 0.95 0.95
21 mcmc 686.144 -1.09671 677.684 0 9.5561 0 0.02 0.904762 0.904762
22 mcmc 686.463 -1.15723 678.016 0 9.60342 0 0.02 0.909091 0.909091
23 mcmc 686.381 -1.18046 677.95 0 9.61193 0 0.02 0.913043 0.913043
24 mcmc 686.759 -1.28954 678.332 0 9.71617 0 0.02 0.916667 0.916667
25 mcmc 686.886 -1.38963 678.618 0 9.65784 0 0.02 0.92 0.92
26 mcmc 686.886 -1.38963 678.618 0 9.65784 0 0.02 0.884615 0.884615
27 mcmc 686.704 -1.32626 678.294 0 9.73618 0 0.02 0.888889 0.888889
28 mcmc 686.788 -1.6035 678.508 0 9.88417 0 0.02 0.892857 0.892857
29 mcmc 687.21 -0.583046 678.623 0 9.17023 0 0.02 0.896552 0.896552
30 mcmc 687.287 -0.602121 678.651 0 9.23785 0 0.02 0.9 0.9
31 mcmc 687.387 -0.65189 678.857 0 9.18184 0 0.02 0.903226 0.903226
32 mcmc 687.559 -0.762283 678.988 0 9.33343 0 0.02 0.90625 0.90625
33 mcmc 687.654 -0.664739 678.988 0 9.33043 0 0.02 0.909091 0.909091
34 mcmc 687.654 -0.664739 678.988 0 9.33043 0 0.02 0.882353 0.882353
35 mcmc 688.051 -0.549399 679.098 0 9.50213 0 0.02 0.885714 0.885714
36 mcmc 688.362 -0.347657 679.25 0 9.46037 0 0.02 0.888889 0.888889
37 mcmc 688.856 0.0355846 679.797 0 9.02312 0 0.02 0.891892 0.891892
38 mcmc 688.718 0.239901 679.613 0 8.86496 0 0.02 0.894737 0.894737
39 mcmc 688.681 0.243804 679.554 0 8.88327 0 0.02 0.897436 0.897436
40 mcmc 688.797 0.27712 679.886 0 8.63427 0 0.02 0.9 0.9
