* MPD
estimate_values:
process[Recruitment].b0 selectivity[MaturationSel_male].v{1} selectivity[MaturationSel_male].v{2} selectivity[MaturationSel_male].v{3} selectivity[MaturationSel_male].v{4} selectivity[MaturationSel_female].v{1} selectivity[MaturationSel_female].v{2} selectivity[MaturationSel_female].v{3} selectivity[MaturationSel_female].v{4} process[Recruitment].ycs_values{1958} process[Recruitment].ycs_values{1959} process[Recruitment].ycs_values{1960} process[Recruitment].ycs_values{1961} process[Recruitment].ycs_values{1962} process[Recruitment].ycs_values{1963} process[Recruitment].ycs_values{1964} process[Recruitment].ycs_values{1965} process[Recruitment].ycs_values{1966} process[Recruitment].ycs_values{1967} process[Recruitment].ycs_values{1968} process[Recruitment].ycs_values{1969} process[Recruitment].ycs_values{1970} process[Recruitment].ycs_values{1971} process[Recruitment].ycs_values{1972} process[Recruitment].ycs_values{1973} process[Recruitment].ycs_values{1974} process[Recruitment].ycs_values{1975} process[Recruitment].ycs_values{1976} process[Recruitment].ycs_values{1977} process[Recruitment].ycs_values{1978} process[Recruitment].ycs_values{1979} process[Recruitment].ycs_values{1980} process[Recruitment].ycs_values{1981} process[Recruitment].ycs_values{1982} process[Recruitment].ycs_values{1983} process[Recruitment].ycs_values{1984} process[Recruitment].ycs_values{1985} process[Recruitment].ycs_values{1986} process[Recruitment].ycs_values{1987} process[Recruitment].ycs_values{1988} process[Recruitment].ycs_values{1989} process[Recruitment].ycs_values{1990} process[Recruitment].ycs_values{1991} process[Recruitment].ycs_values{1992} process[Recruitment].ycs_values{1993} process[Recruitment].ycs_values{1994} process[Recruitment].ycs_values{1995} process[Recruitment].ycs_values{1996} process[Recruitment].ycs_values{1997} process[Recruitment].ycs_values{1998} process[Recruitment].ycs_values{1999} process[Recruitment].ycs_values{2000} process[Recruitment].ycs_values{2001} process[Recruitment].ycs_values{2002} process[Recruitment].ycs_values{2003} process[Recruitment].ycs_values{2004} process[Recruitment].ycs_values{2005} process[Recruitment].ycs_values{2006} process[Recruitment].ycs_values{2007} process[Recruitment].ycs_values{2008} process[Recruitment].ycs_values{2009} process[Recruitment].ycs_values{2010} process[Recruitment].ycs_values{2011} process[Recruitment].ycs_values{2012} process[Instantaneous_Mortality].m{male.nonspawn} process[Instantaneous_Mortality].m{female.nonspawn} observation[TangaroaAcousticMature].process_error observation[TangaroaAcousticImmature].process_error 
314528 0.085584 0.729928 0.512671 0.331184 0.0190747 0.51254 0.941204 0.999 0.255898 0.260995 0.267025 0.274312 0.283173 0.294103 0.308799 0.824676 0.531625 0.370703 0.266765 0.138528 0.0802537 0.158215 0.106305 0.0575723 0.0607929 0.127247 0.0505653 0.0395934 0.0499645 0.375867 0.368154 0.0940201 0.0328013 0.136472 0.130805 0.112561 0.286164 0.127934 0.437718 0.0358979 0.256495 2.75116 0.558714 0.2639 0.126748 0.560017 0.36192 0.144856 0.320595 0.192791 0.298743 0.705181 0.417688 0.254272 0.252377 0.324954 1.69567 0.686601 0.200672 1.20373 0.16935 0.875691 0.132659 0.151183 0.160327 0.0001 0.0001 
covariance_matrix:
2.53282e+08 33.6048 157.022 13.1477 854.581 7.81966 104.885 228.88 0.000107612 678.102 480.323 245.764 151.072 -330.011 -271.235 -630.99 -2675.29 -1154.55 -420.091 -351.138 -137.908 -60.5779 -139.505 -76.2847 -26.4683 -29.8237 -54.9314 -12.3645 -8.74824 -8.49541 -66.8046 -33.923 -1.11011 -1.37568 16.5788 14.7751 24.2942 58.025 21.9769 77.1339 5.2728 30.3482 173.244 83.1975 56.653 -9.32772 20.6432 26.8504 7.47573 8.99275 9.83553 25.1495 100.689 90.3683 89.7381 104.659 196.873 1277.33 635.721 210.069 1533.47 280.625 1542.15 266.038 -134.562 0.508958 3.18272e-07 1.35001e-07 
33.6048 0.000172445 9.48305e-05 7.17584e-05 0.000235969 9.21995e-06 0.000100742 9.66779e-05 -2.65696e-11 -3.90617e-05 -7.90575e-05 -0.00015855 -0.000237191 -9.61964e-05 -8.61904e-05 -0.000385441 -0.00095816 -0.000331652 -0.000188189 -6.09338e-05 -1.73833e-05 -2.03688e-05 -2.85761e-05 -1.75836e-05 -1.10257e-06 -1.49429e-06 6.98964e-08 -4.18343e-06 3.42896e-06 3.828e-06 1.5964e-05 4.02822e-05 8.1436e-06 5.06968e-06 2.30915e-05 2.66912e-05 2.23227e-05 6.76108e-05 2.57289e-05 6.25254e-05 -2.11951e-07 2.09463e-06 -0.000164529 -1.03907e-05 -2.11955e-05 7.36635e-07 6.69725e-06 1.67895e-05 2.34186e-06 1.83211e-05 1.14435e-05 3.77214e-05 3.18973e-06 1.65112e-05 3.27597e-05 2.40523e-05 -2.23316e-05 -6.69367e-05 6.8235e-06 1.71315e-06 -1.52889e-05 2.81784e-06 -0.000101134 3.59712e-06 -7.05118e-05 -1.91949e-07 2.0735e-13 7.8339e-14 
157.022 9.48305e-05 0.00328278 -0.00273868 0.00380477 4.17147e-05 0.000998962 0.000889744 -1.23264e-09 3.6507e-05 0.000271956 7.19672e-05 -0.000926653 -0.000815986 -4.48487e-05 -0.000403369 -0.00580171 -0.00071275 -0.00036388 7.54225e-05 9.38464e-06 -7.63952e-06 3.25216e-05 5.90519e-05 -1.86526e-05 4.45096e-05 0.000113968 6.49623e-05 4.30397e-05 2.9598e-05 0.000321381 0.000379135 9.21241e-05 3.86096e-05 0.00019336 0.000155427 0.000175096 0.000457465 0.000187378 0.00024202 8.37771e-06 6.82065e-05 0.000667562 0.000214135 0.000138498 7.84957e-05 0.000432037 0.000343944 0.000126233 0.000130377 0.000164335 0.000188044 0.000613155 0.000109383 0.000185459 2.93317e-05 -0.000126359 0.000873743 0.000113206 1.42264e-05 -0.000239265 -7.63358e-05 -0.000915554 -0.000141526 -0.000302461 -2.12603e-05 1.05666e-12 2.86696e-13 
13.1477 7.17584e-05 -0.00273868 0.0267174 -0.0313815 2.41847e-05 -0.000477494 -0.00357592 -4.53448e-09 -0.00133129 -0.00194881 -0.00044452 -0.000873876 0.00167012 -0.0010892 -0.000708595 -0.000615086 -0.00124656 -0.000195516 -0.000728548 -0.000286584 -6.25452e-05 -0.000223689 -0.000240079 5.7375e-05 -4.59463e-05 -0.000125555 -2.35705e-05 -2.57127e-05 6.51019e-06 -6.2821e-05 -2.0681e-05 2.31302e-05 -1.07511e-05 -7.61431e-05 2.91429e-05 -4.49164e-05 7.94658e-05 -0.000194016 4.31922e-05 2.57536e-05 3.51071e-05 -0.00161183 0.000583345 0.000316463 0.000163666 -0.000779368 0.000574921 -4.23117e-05 0.000115053 -0.000195405 0.000332637 -0.00108625 4.92891e-07 -0.000242549 -0.000157642 -0.000232122 -0.000961502 -0.000522819 -6.41835e-05 -0.000337074 -4.272e-05 -0.000147038 9.73486e-05 -0.000147859 2.98141e-05 -2.5358e-12 -1.22823e-12 
854.581 0.000235969 0.00380477 -0.0313815 0.171914 5.90358e-05 0.00265653 0.00441049 1.75916e-10 0.00279805 0.000798766 -0.00197737 0.000668374 -0.000508847 0.00104464 -0.00509085 -0.0114972 -0.00157861 -0.000102046 -0.000138726 8.97131e-05 3.18693e-05 0.000222118 0.000249463 1.06178e-05 0.000167253 0.000228132 2.74675e-05 8.38404e-05 9.51679e-05 0.000528845 0.000674081 0.000159096 4.45864e-05 0.000451891 0.00036956 0.000327229 -0.000381458 0.000309245 0.00030468 -1.32312e-05 -0.000180687 0.00032133 0.000430952 -0.000362321 8.46208e-05 0.00479113 -0.00106307 0.000726265 -0.000786489 0.00120207 -0.000495334 0.002471 -0.00066952 0.0010246 0.00124976 0.00045431 0.00108683 0.00284274 0.00130854 0.0112096 0.000823917 0.00527665 0.000525575 -0.000519655 7.44699e-05 3.37312e-13 -1.28253e-13 
7.81966 9.21995e-06 4.17147e-05 2.41847e-05 5.90358e-05 3.12878e-05 8.85053e-06 3.41862e-05 2.61585e-10 -4.4753e-05 -2.3101e-05 -5.91086e-06 -3.28732e-05 4.12599e-05 -7.88732e-05 -4.17154e-05 -0.000326843 -4.50607e-05 -4.81136e-05 -7.87639e-06 -9.1019e-06 -4.28214e-06 -1.0453e-05 -2.89578e-07 -1.05531e-06 -1.81128e-06 -4.06845e-06 -2.0887e-06 4.90807e-07 6.42486e-07 -8.00158e-06 7.06698e-09 -6.4249e-07 5.26291e-08 -2.64099e-06 1.94227e-06 -1.30736e-06 3.56116e-06 -2.99051e-07 -2.44792e-06 -1.42586e-06 -3.09432e-06 -0.000125298 -1.85694e-05 -8.78093e-06 1.93557e-07 -3.16943e-06 -7.30597e-06 -8.42884e-06 -1.14178e-05 -4.34442e-06 -4.19261e-06 -7.08572e-06 1.3354e-06 -1.57197e-05 -8.44742e-07 -1.694e-05 -4.87788e-05 -1.59873e-05 -4.73082e-06 -2.38043e-05 -6.88424e-06 -3.73105e-05 -7.19789e-07 -1.3552e-05 5.23858e-07 8.94177e-15 3.59146e-14 
104.885 0.000100742 0.000998962 -0.000477494 0.00265653 8.85053e-06 0.00204862 0.000661583 1.48443e-09 0.000207314 -0.000197218 -0.000711172 -0.000776643 -0.000199208 0.000628088 -0.00133484 -0.00285984 -0.000928885 -0.00032927 -9.63107e-05 2.56106e-05 7.74985e-06 1.15563e-05 -1.11094e-05 3.47151e-06 2.99476e-05 5.87735e-05 2.13849e-05 2.51305e-05 1.22397e-05 0.000127232 0.000208778 4.47766e-05 1.44959e-05 8.96234e-05 8.0247e-05 7.87661e-05 0.000271692 9.56513e-05 4.51382e-05 -8.33925e-06 1.3346e-05 2.02236e-05 -0.000106808 7.63522e-05 -2.59973e-05 0.000312789 0.000155791 0.000103839 7.79389e-06 0.000135427 -4.86642e-05 0.000389283 -6.18468e-05 9.81416e-05 -1.45028e-05 -0.000127431 0.000384154 0.000144822 -4.38516e-05 -0.000320348 -8.71523e-05 -0.000749846 -0.000284576 -0.000180643 -8.40159e-06 3.21853e-13 2.95128e-13 
228.88 9.66779e-05 0.000889744 -0.00357592 0.00441049 3.41862e-05 0.000661583 0.00961034 2.81464e-08 -0.000139946 0.00111658 -0.000685923 0.000957082 0.00274892 0.000141263 -0.00058906 -0.00645232 -0.00051552 -0.000327983 -0.000178612 -6.51046e-05 8.15538e-06 -6.89454e-06 -1.32247e-05 1.92555e-05 7.35675e-06 5.56338e-05 3.66806e-05 1.35662e-05 2.34748e-05 0.000153475 0.000190481 8.3935e-05 9.89736e-06 -6.42792e-05 8.41738e-05 7.95106e-05 0.000389826 -2.31989e-06 0.000144209 1.14627e-05 4.16471e-05 -0.000179054 0.000470699 0.000485146 -7.40229e-07 -0.000288665 0.000520206 -1.72744e-05 0.000118523 -3.52873e-05 0.00029121 -8.90054e-05 0.000188625 0.000102984 3.08765e-05 6.32026e-05 0.000516978 -0.000110037 3.21276e-05 0.000270755 5.62338e-06 -0.000601394 1.7715e-06 -0.000134931 -6.90867e-06 2.72264e-12 3.89653e-12 
0.000107612 -2.65696e-11 -1.23264e-09 -4.53448e-09 1.75916e-10 2.61585e-10 1.48443e-09 2.81464e-08 1.3531e-10 2.65293e-10 -4.24222e-09 -3.32038e-09 3.02151e-09 1.03354e-08 5.68658e-09 6.276e-09 -3.99291e-08 3.19665e-10 -5.28294e-09 -1.06925e-09 -8.51847e-10 -1.38867e-10 -7.40309e-10 -3.4396e-10 -1.56057e-10 -3.1202e-10 -6.41998e-10 -1.19947e-11 2.48017e-10 3.32979e-10 -2.67027e-10 4.94228e-10 7.61852e-10 -1.27281e-10 -1.75145e-09 3.17609e-10 -5.78073e-10 1.88383e-09 -3.96847e-10 1.30025e-10 -3.29474e-11 -3.64716e-10 -4.41328e-09 5.68134e-11 5.5358e-10 -6.57522e-10 -3.13276e-09 5.0585e-10 -7.35841e-10 -6.10135e-11 -7.52235e-10 -4.96372e-11 -3.46601e-09 -1.11016e-09 -6.35932e-10 -5.48469e-10 1.04164e-09 -4.95047e-09 -3.15517e-09 -1.16363e-09 -8.72652e-09 -4.85459e-10 -1.15569e-08 -2.08026e-09 -8.32817e-10 -5.77942e-11 -2.45172e-15 -3.08051e-17 
678.102 -3.90617e-05 3.6507e-05 -0.00133129 0.00279805 -4.4753e-05 0.000207314 -0.000139946 2.65293e-10 0.0725669 0.000444472 -0.00313125 -0.00349489 -0.000302674 0.00411262 -0.0149141 -0.00443917 0.0057629 -0.00203344 9.83367e-05 -1.23948e-05 1.6753e-05 -1.17439e-05 0.000111082 3.77107e-05 6.70281e-05 0.000157541 6.08991e-05 5.73889e-05 4.4616e-05 0.00057059 0.000454799 6.27987e-05 3.06869e-05 0.000282876 0.000168868 0.000245433 0.000354619 0.00026047 0.000713939 4.45156e-05 0.000518041 0.00394831 0.00080992 0.000540006 9.37296e-05 0.00139202 0.00045515 0.000263216 0.000368745 0.000454003 0.000423381 0.00157802 0.000834787 0.0003666 0.000744526 0.00103199 0.00358419 0.00215331 0.000473009 0.003006 0.000355857 0.00229078 0.000264292 0.000158245 4.80995e-05 -1.72843e-12 -6.55164e-13 
480.323 -7.90575e-05 0.000271956 -0.00194881 0.000798766 -2.3101e-05 -0.000197218 0.00111658 -4.24222e-09 0.000444472 0.067229 0.00198712 -0.00404559 -0.0065352 -0.00278798 -0.00529395 -0.00239414 0.000447225 -0.000954632 0.000318152 0.000145018 8.89024e-05 0.000200256 0.000186976 7.70735e-05 5.56047e-05 0.000152334 8.59723e-05 5.44151e-05 4.59769e-05 0.000472416 0.000307269 5.07266e-05 7.16498e-06 0.000201898 2.66664e-05 9.16118e-05 1.42669e-05 8.5256e-05 0.000280867 2.93428e-05 0.000427414 0.00471937 0.000909536 0.000298933 0.000179214 0.000950132 0.000342933 0.000236453 0.000204807 0.000260425 0.000325539 0.001001 0.00055604 0.000305998 0.000469706 0.000689956 0.00232322 0.00119971 0.000251405 0.00175081 0.000147821 0.00138863 0.000292839 0.00032235 1.93848e-06 6.86586e-13 -3.54468e-13 
245.764 -0.00015855 7.19672e-05 -0.00044452 -0.00197737 -5.91086e-06 -0.000711172 -0.000685923 -3.32038e-09 -0.00313125 0.00198712 0.0674755 -0.00527895 -0.00389091 -0.00887472 0.0025503 -0.00214261 -2.67157e-05 -0.00113025 0.000374987 0.000147467 0.000173613 0.000443874 0.000359909 0.000185273 0.000119561 0.000357963 0.000170321 0.000114039 0.000136332 0.00117001 0.000933208 0.000252532 5.82056e-05 0.000260513 0.000272717 0.000165132 0.000451623 0.000207031 0.000788021 6.06424e-05 0.000774214 0.00928811 0.00199459 0.000680183 0.000409905 0.00152748 0.000736727 0.000373144 0.000611604 0.000408974 0.000762974 0.00176289 0.000997286 0.000646649 0.00086818 0.00156601 0.00449397 0.00211382 0.00047052 0.00307592 0.000292944 0.0018422 0.000774817 0.000383433 -8.4755e-06 -2.69387e-12 -1.46095e-12 
151.072 -0.000237191 -0.000926653 -0.000873876 0.000668374 -3.28732e-05 -0.000776643 0.000957082 3.02151e-09 -0.00349489 -0.00404559 -0.00527895 0.0769597 -0.00766141 -0.00510466 -0.0071098 0.00568938 0.00125627 0.000785203 0.000363477 -1.58022e-05 8.64947e-05 0.000286805 0.000191607 0.000175106 3.87071e-05 0.000154935 9.82661e-05 4.00756e-05 0.000122421 0.000698086 0.0004637 0.000276651 3.80813e-05 -0.000316953 0.000253407 -0.000160043 0.000456725 -2.03373e-06 0.000733332 6.61329e-05 0.000697288 0.00838662 0.00158915 0.000520942 0.00034942 0.00132427 0.000616881 0.000283506 0.000788678 0.000269046 0.000771241 0.00182532 0.00120854 0.00053583 0.000839479 0.00151275 0.00485916 0.00193458 0.000404266 0.00280229 0.000497203 0.00248389 0.000755809 0.000591836 -3.5334e-05 3.93248e-12 1.87286e-12 
-330.011 -9.61964e-05 -0.000815986 0.00167012 -0.000508847 4.12599e-05 -0.000199208 0.00274892 1.03354e-08 -0.000302674 -0.0065352 -0.00389091 -0.00766141 0.0926045 0.00043402 -0.00691025 0.00265592 -0.00103736 0.00270909 0.00159015 0.000737311 0.000301189 0.000651394 0.00034328 0.000234105 0.000226744 0.000412662 7.80071e-05 0.000103603 0.000154326 0.00073741 0.000595293 0.000125821 2.67752e-05 -0.00019135 -5.51488e-06 -9.21405e-05 6.08932e-06 3.41634e-05 0.000608326 8.39752e-05 0.000702814 0.0085628 0.00159147 0.000803558 0.000321822 0.00166632 0.00109729 0.000344354 0.000963689 0.000493065 0.00087431 0.00189365 0.000929441 0.000724364 0.00044227 4.42476e-05 0.00360493 0.00103323 0.000448004 0.00160749 -8.39902e-05 -0.000789051 -0.000247736 0.000996626 -1.19271e-05 8.14656e-12 4.22896e-12 
-271.235 -8.61904e-05 -4.48487e-05 -0.0010892 0.00104464 -7.88732e-05 0.000628088 0.000141263 5.68658e-09 0.00411262 -0.00278798 -0.00887472 -0.00510466 0.00043402 0.0978739 -0.0115544 -0.00878637 -0.000674715 -0.00102092 0.000396109 -1.25861e-05 0.000155711 0.000311699 0.000534144 7.93576e-05 5.66729e-05 1.14921e-05 9.23045e-05 0.000118517 0.000111443 0.000448866 6.92597e-05 -8.26126e-05 -7.45916e-06 -5.08367e-07 -0.00022314 -8.0919e-05 -0.000355691 0.000132851 0.000612452 6.77768e-05 0.000572287 0.00670352 0.00149297 5.06147e-05 0.000398597 0.000207615 8.00795e-05 2.33967e-05 -0.000377979 6.09495e-05 0.000294148 0.000394536 0.000130299 -0.000187278 9.48306e-05 0.000623911 0.00157436 0.000146949 -0.000445101 -0.000904796 -0.000568307 -0.00180091 0.000127891 0.000833222 8.34563e-05 -3.25269e-13 4.57568e-13 
-630.99 -0.000385441 -0.000403369 -0.000708595 -0.00509085 -4.17154e-05 -0.00133484 -0.00058906 6.276e-09 -0.0149141 -0.00529395 0.0025503 -0.0071098 -0.00691025 -0.0115544 0.117203 -0.0245111 -0.00161472 0.000746953 0.000892063 0.00030424 0.000316204 0.000727858 0.000573074 0.000232277 8.73455e-05 0.000293513 0.000120335 8.62346e-05 9.44488e-05 0.000734204 0.000171792 2.81626e-05 -1.5554e-06 -0.000199598 -0.000178564 -0.000221446 -0.000552282 -0.000137209 -9.76258e-05 2.55174e-05 0.000793266 0.0104133 0.00155125 0.00040386 0.000370276 0.000713696 0.000471478 0.000310658 0.000218128 0.000190652 0.000398206 0.00108386 0.000836334 0.000575035 0.000799874 0.00181507 0.00511248 0.00207248 0.000281688 0.00208548 0.000351352 0.000746314 0.00069325 0.00136093 4.00666e-05 -2.98571e-12 -4.97026e-13 
-2675.29 -0.00095816 -0.00580171 -0.000615086 -0.0114972 -0.000326843 -0.00285984 -0.00645232 -3.99291e-08 -0.00443917 -0.00239414 -0.00214261 0.00568938 0.00265592 -0.00878637 -0.0245111 0.34683 -0.0310904 -0.00136099 0.0036813 0.00218528 0.00118624 0.00260983 0.00193348 0.000812445 0.000714435 0.00166553 0.000575383 0.000478456 0.00045969 0.00363761 0.00213613 0.000280225 3.09199e-05 0.000538867 -0.000120997 0.000184465 -0.000328854 0.000508062 0.00350658 0.000411574 0.00449769 0.0526224 0.00911957 0.00246424 0.00206092 0.00844597 0.00476791 0.0017202 0.00420145 0.00208029 0.00458598 0.00946394 0.0061766 0.00278341 0.00366669 0.00446152 0.0266503 0.00933753 0.00264659 0.0150356 0.00147776 0.0108477 0.00115434 0.00552998 0.000205876 -1.73283e-11 -1.09439e-11 
-1154.55 -0.000331652 -0.00071275 -0.00124656 -0.00157861 -4.50607e-05 -0.000928885 -0.00051552 3.19665e-10 0.0057629 0.000447225 -2.67157e-05 0.00125627 -0.00103736 -0.000674715 -0.00161472 -0.0310904 0.109839 0.0074341 0.00219144 0.00103283 0.000835745 0.00203662 0.00104242 0.00036575 0.000576513 0.0011312 0.000361453 0.000375196 0.000520628 0.00309469 0.00273814 0.000592529 0.000228859 0.00044635 0.000685676 0.000200044 0.00116929 0.000645743 0.00252309 0.000256793 0.00214185 0.02705 0.00507871 0.00245827 0.00131661 0.00462626 0.00368638 0.00119272 0.00271885 0.00165434 0.00280832 0.00675484 0.00384105 0.00247067 0.00153588 0.000940273 0.0144554 0.00442456 0.00154704 0.00804565 0.000995978 0.00455649 0.000497428 0.0015961 4.0211e-05 -3.33524e-13 -1.66989e-13 
-420.091 -0.000188189 -0.00036388 -0.000195516 -0.000102046 -4.81136e-05 -0.00032927 -0.000327983 -5.28294e-09 -0.00203344 -0.000954632 -0.00113025 0.000785203 0.00270909 -0.00102092 0.000746953 -0.00136099 0.0074341 0.0321319 0.000578243 0.000217533 0.000202712 0.00079944 0.000533554 0.000230344 0.000279517 0.000563057 0.000284504 0.000112907 0.000238007 0.00189903 0.00152805 0.000330597 0.000121454 0.000625742 0.000465802 0.000480707 0.00108061 0.000578809 0.00199952 0.00015585 0.0015301 0.0150939 0.00303296 0.00163728 0.000626187 0.00329726 0.00199089 0.000806089 0.00169051 0.00119666 0.00176277 0.00427273 0.00242353 0.00138507 0.00159274 0.00183047 0.0100688 0.00452793 0.00113323 0.00632944 0.000933514 0.00435994 0.000796612 0.000570248 4.45033e-05 -1.80523e-12 -1.36988e-12 
-351.138 -6.09338e-05 7.54225e-05 -0.000728548 -0.000138726 -7.87639e-06 -9.63107e-05 -0.000178612 -1.06925e-09 9.83367e-05 0.000318152 0.000374987 0.000363477 0.00159015 0.000396109 0.000892063 0.0036813 0.00219144 0.000578243 0.0179854 0.00102238 -4.47836e-05 0.000688771 0.000440688 0.000156339 0.00031644 0.000555324 0.000166693 0.000171111 0.000247438 0.0015614 0.0013987 0.00031866 0.000153111 0.000542829 0.000403207 0.000368724 0.00106014 0.000495476 0.00169941 0.000167886 0.00119899 0.0134184 0.00231377 0.00122966 0.000519318 0.00252135 0.00175376 0.000512016 0.0013657 0.000825588 0.00135192 0.00341617 0.0018512 0.00107811 0.00108726 0.00134671 0.00748808 0.00279511 0.000642087 0.00422742 0.000263509 0.00205941 0.000226254 0.000330586 3.38716e-05 -6.26888e-13 -3.44458e-13 
-137.908 -1.73833e-05 9.38464e-06 -0.000286584 8.97131e-05 -9.1019e-06 2.56106e-05 -6.51046e-05 -8.51847e-10 -1.23948e-05 0.000145018 0.000147467 -1.58022e-05 0.000737311 -1.25861e-05 0.00030424 0.00218528 0.00103283 0.000217533 0.00102238 0.00601904 0.000248716 3.67951e-05 0.000159499 0.000125115 0.000103648 0.000265779 0.000104742 7.68617e-05 9.58963e-05 0.000814266 0.000691316 0.000161264 5.96098e-05 0.000249009 0.000250263 0.000203907 0.000498613 0.000198586 0.00092918 8.18994e-05 0.00048781 0.00631689 0.00119117 0.000474049 0.000234063 0.00124522 0.000822124 0.000312987 0.000613508 0.000455708 0.000644913 0.00136237 0.000884896 0.000523597 0.000537164 0.000719582 0.00370621 0.00137362 0.0003789 0.00219676 0.000153646 0.00122993 8.46473e-05 0.000107358 1.35752e-05 -2.95814e-13 -1.84163e-13 
-60.5779 -2.03688e-05 -7.63952e-06 -6.25452e-05 3.18693e-05 -4.28214e-06 7.74985e-06 8.15538e-06 -1.38867e-10 1.6753e-05 8.89024e-05 0.000173613 8.64947e-05 0.000301189 0.000155711 0.000316204 0.00118624 0.000835745 0.000202712 -4.47836e-05 0.000248716 0.0018289 0.000346997 8.52259e-05 6.40515e-05 3.43422e-05 0.000145751 4.63328e-05 4.05449e-05 4.44228e-05 0.000420121 0.000404843 7.08358e-05 3.13843e-05 0.00013759 0.00014461 0.000115888 0.000290328 0.00011799 0.000478894 3.7324e-05 0.000279191 0.00319718 0.000661394 0.000273329 0.000136385 0.0006491 0.000403514 0.000182462 0.000380765 0.000231161 0.000365607 0.000764033 0.000430343 0.000279187 0.000262337 0.000313403 0.00183673 0.000717209 0.000198243 0.00115269 9.11643e-05 0.000836899 0.000135605 3.7395e-05 3.54203e-06 -5.66298e-14 -3.82433e-14 
-139.505 -2.85761e-05 3.25216e-05 -0.000223689 0.000222118 -1.0453e-05 1.15563e-05 -6.89454e-06 -7.40309e-10 -1.17439e-05 0.000200256 0.000443874 0.000286805 0.000651394 0.000311699 0.000727858 0.00260983 0.00203662 0.00079944 0.000688771 3.67951e-05 0.000346997 0.00360921 0.000243489 0.000113558 0.000111385 0.000333252 0.00011712 0.000110417 0.000119215 0.00103719 0.000909281 0.000186582 8.20104e-05 0.000338055 0.00031865 0.000259038 0.000668125 0.000315014 0.00107933 8.34474e-05 0.000683375 0.00744888 0.00155043 0.000742982 0.00034539 0.00153918 0.000979511 0.000375304 0.000864377 0.000533965 0.000860533 0.00191089 0.00109305 0.000634842 0.000623717 0.000656619 0.00436831 0.00171903 0.000456338 0.00261109 0.000390738 0.00175026 0.000179076 7.03001e-05 7.24217e-06 -7.80588e-14 -1.20564e-13 
-76.2847 -1.75836e-05 5.90519e-05 -0.000240079 0.000249463 -2.89578e-07 -1.11094e-05 -1.32247e-05 -3.4396e-10 0.000111082 0.000186976 0.000359909 0.000191607 0.00034328 0.000534144 0.000573074 0.00193348 0.00104242 0.000533554 0.000440688 0.000159499 8.52259e-05 0.000243489 0.0016636 7.17461e-05 0.000109906 0.000207157 9.76659e-05 7.87857e-05 6.88162e-05 0.000625323 0.000594309 0.000152763 5.64726e-05 0.0002114 0.00023262 0.000155583 0.000492219 0.000219154 0.000737016 5.7999e-05 0.000478622 0.00489893 0.00105345 0.000486862 0.000219078 0.00100059 0.000569224 0.000248302 0.000606603 0.000301534 0.000489562 0.00143763 0.000791417 0.000431794 0.000435775 0.000409063 0.0027065 0.00111592 0.000321434 0.00183215 0.000289212 0.00101371 0.000207007 2.99841e-05 6.13419e-06 1.72995e-14 -3.21978e-14 
-26.4683 -1.10257e-06 -1.86526e-05 5.7375e-05 1.06178e-05 -1.05531e-06 3.47151e-06 1.92555e-05 -1.56057e-10 3.77107e-05 7.70735e-05 0.000185273 0.000175106 0.000234105 7.93576e-05 0.000232277 0.000812445 0.00036575 0.000230344 0.000156339 0.000125115 6.40515e-05 0.000113558 7.17461e-05 0.000595945 2.94885e-05 9.81812e-05 3.75701e-05 3.80653e-05 4.35479e-05 0.000323622 0.00028679 6.81663e-05 2.01304e-05 0.000119285 0.00010438 9.86481e-05 0.000237544 0.000110788 0.000390973 3.48658e-05 0.00022294 0.00236202 0.00047714 0.000185095 0.000125833 0.000482536 0.000292966 0.000125584 0.000254251 0.00015841 0.000251413 0.000622741 0.000353143 0.00018862 0.000220672 0.000240937 0.00142079 0.000543212 0.000144154 0.000925827 0.000122531 0.000569654 0.000109044 -3.26537e-07 3.64553e-06 6.65625e-14 9.39943e-15 
-29.8237 -1.49429e-06 4.45096e-05 -4.59463e-05 0.000167253 -1.81128e-06 2.99476e-05 7.35675e-06 -3.1202e-10 6.70281e-05 5.56047e-05 0.000119561 3.87071e-05 0.000226744 5.66729e-05 8.73455e-05 0.000714435 0.000576513 0.000279517 0.00031644 0.000103648 3.43422e-05 0.000111385 0.000109906 2.94885e-05 0.000454713 0.000141359 5.75961e-05 3.81014e-05 4.85948e-05 0.000362302 0.000364396 9.12469e-05 2.59429e-05 0.000120063 0.000119956 0.000111543 0.000266869 0.000127594 0.000416267 2.65447e-05 0.00023702 0.00258663 0.000530449 0.000232251 0.00012391 0.000547162 0.000365471 0.000133253 0.000297602 0.000191594 0.000313955 0.000664002 0.000407085 0.000236755 0.000226437 0.000233538 0.00145471 0.000574384 0.000167192 0.000968551 0.000128882 0.000581108 7.6324e-05 -1.49763e-05 5.08554e-06 8.84409e-14 3.76506e-15 
-54.9314 6.98964e-08 0.000113968 -0.000125555 0.000228132 -4.06845e-06 5.87735e-05 5.56338e-05 -6.41998e-10 0.000157541 0.000152334 0.000357963 0.000154935 0.000412662 1.14921e-05 0.000293513 0.00166553 0.0011312 0.000563057 0.000555324 0.000265779 0.000145751 0.000333252 0.000207157 9.81812e-05 0.000141359 0.000958125 0.000120781 0.000100253 0.000119996 0.000866405 0.00081978 0.000208109 6.75977e-05 0.000318314 0.000291906 0.00025746 0.000627741 0.000280176 0.000980929 6.7992e-05 0.000568839 0.00602836 0.00124956 0.000520113 0.000283163 0.00124169 0.000800556 0.000332653 0.000693391 0.000436938 0.000686103 0.00152764 0.000922836 0.000541525 0.000510878 0.000538408 0.00347257 0.00133412 0.000373822 0.00224572 0.000233958 0.00141103 0.000211848 -5.12222e-05 -7.22152e-07 1.37417e-13 -1.19038e-14 
-12.3645 -4.18343e-06 6.49623e-05 -2.35705e-05 2.74675e-05 -2.0887e-06 2.13849e-05 3.66806e-05 -1.19947e-11 6.08991e-05 8.59723e-05 0.000170321 9.82661e-05 7.80071e-05 9.23045e-05 0.000120335 0.000575383 0.000361453 0.000284504 0.000166693 0.000104742 4.63328e-05 0.00011712 9.76659e-05 3.75701e-05 5.75961e-05 0.000120781 0.000254164 3.26732e-05 4.49387e-05 0.000360223 0.000351806 8.98241e-05 3.13626e-05 0.000128711 0.000123149 0.000109822 0.000256744 0.000120804 0.000418119 2.71498e-05 0.000224656 0.00244007 0.000511804 0.000253027 0.000121896 0.000508134 0.000323585 0.000115948 0.000281311 0.000163368 0.000279441 0.000663401 0.000364145 0.000204504 0.000218823 0.000224403 0.00146877 0.000569643 0.00015947 0.000945363 0.000101412 0.000598162 0.000101273 -3.00255e-05 2.43567e-07 1.3455e-14 -5.77047e-16 
-8.74824 3.42896e-06 4.30397e-05 -2.57127e-05 8.38404e-05 4.90807e-07 2.51305e-05 1.35662e-05 2.48017e-10 5.73889e-05 5.44151e-05 0.000114039 4.00756e-05 0.000103603 0.000118517 8.62346e-05 0.000478456 0.000375196 0.000112907 0.000171111 7.68617e-05 4.05449e-05 0.000110417 7.87857e-05 3.80653e-05 3.81014e-05 0.000100253 3.26732e-05 0.000155986 3.39784e-05 0.000287448 0.000271393 7.0738e-05 1.87945e-05 9.43104e-05 9.479e-05 7.81855e-05 0.000203902 9.76985e-05 0.000302428 2.04665e-05 0.000185399 0.0018799 0.000384774 0.000192528 9.07454e-05 0.000396367 0.000252246 9.32844e-05 0.000220221 0.000130529 0.000218017 0.000505859 0.000278867 0.000162743 0.0001638 0.000180885 0.00110588 0.000437668 0.000126855 0.000744339 9.71712e-05 0.000478589 8.18083e-05 -2.30914e-05 1.05632e-06 4.87234e-14 4.60517e-14 
-8.49541 3.828e-06 2.9598e-05 6.51019e-06 9.51679e-05 6.42486e-07 1.22397e-05 2.34748e-05 3.32979e-10 4.4616e-05 4.59769e-05 0.000136332 0.000122421 0.000154326 0.000111443 9.44488e-05 0.00045969 0.000520628 0.000238007 0.000247438 9.58963e-05 4.44228e-05 0.000119215 6.88162e-05 4.35479e-05 4.85948e-05 0.000119996 4.49387e-05 3.39784e-05 0.000198418 0.000359389 0.000335744 9.2483e-05 2.98383e-05 0.000131236 0.000116575 9.79282e-05 0.000245423 0.00011881 0.000407244 3.20456e-05 0.000210542 0.00235968 0.000498323 0.000227971 0.000118081 0.000493277 0.000314852 0.000121281 0.000275542 0.000165211 0.000274948 0.000624832 0.000366637 0.00021424 0.00021797 0.000249354 0.00141934 0.000581077 0.000163582 0.000963456 0.000127347 0.000638467 9.70685e-05 -3.07686e-05 1.21503e-06 5.49125e-14 5.6806e-14 
-66.8046 1.5964e-05 0.000321381 -6.2821e-05 0.000528845 -8.00158e-06 0.000127232 0.000153475 -2.67027e-10 0.00057059 0.000472416 0.00117001 0.000698086 0.00073741 0.000448866 0.000734204 0.00363761 0.00309469 0.00189903 0.0015614 0.000814266 0.000420121 0.00103719 0.000625323 0.000323622 0.000362302 0.000866405 0.000360223 0.000287448 0.000359389 0.00403783 0.00283527 0.000705756 0.000235798 0.00109312 0.00100102 0.000878965 0.00219774 0.00096658 0.00326756 0.000241351 0.00176625 0.0192444 0.00404847 0.00184068 0.000922949 0.00403361 0.00259552 0.00102274 0.00224843 0.00139683 0.0022487 0.00500581 0.00296643 0.00173283 0.00167341 0.00187777 0.0114617 0.00451845 0.00126959 0.00764502 0.000902962 0.00506657 0.000725222 -0.000306267 -2.55807e-06 4.20481e-13 1.36572e-13 
-33.923 4.02822e-05 0.000379135 -2.0681e-05 0.000674081 7.06698e-09 0.000208778 0.000190481 4.94228e-10 0.000454799 0.000307269 0.000933208 0.0004637 0.000595293 6.92597e-05 0.000171792 0.00213613 0.00273814 0.00152805 0.0013987 0.000691316 0.000404843 0.000909281 0.000594309 0.00028679 0.000364396 0.00081978 0.000351806 0.000271393 0.000335744 0.00283527 0.00392533 0.000710332 0.000229307 0.00106407 0.00101573 0.00087671 0.002217 0.000978982 0.00324765 0.000219411 0.00169141 0.0183965 0.00394374 0.00180596 0.0008845 0.0039246 0.00249911 0.00101733 0.00220424 0.00136956 0.00218293 0.0048934 0.00288224 0.00168716 0.00163048 0.00185151 0.0110053 0.00436714 0.00123131 0.00739636 0.000879734 0.00487002 0.00068975 -0.000389295 -6.69366e-06 7.67065e-13 3.64308e-13 
-1.11011 8.1436e-06 9.21241e-05 2.31302e-05 0.000159096 -6.4249e-07 4.47766e-05 8.3935e-05 7.61852e-10 6.27987e-05 5.07266e-05 0.000252532 0.000276651 0.000125821 -8.26126e-05 2.81626e-05 0.000280225 0.000592529 0.000330597 0.00031866 0.000161264 7.08358e-05 0.000186582 0.000152763 6.81663e-05 9.12469e-05 0.000208109 8.98241e-05 7.0738e-05 9.2483e-05 0.000705756 0.000710332 0.000429861 6.27881e-05 0.000269308 0.000266436 0.000213628 0.000537754 0.000245038 0.000814713 5.41842e-05 0.000421445 0.00453655 0.000970868 0.000462844 0.0002139 0.000961425 0.000623629 0.000246825 0.000540666 0.000341226 0.000545651 0.00118362 0.000718081 0.000416652 0.000405 0.000483781 0.00271556 0.00108925 0.000307732 0.00186009 0.000219317 0.00120567 0.000182827 -0.000109564 -2.30938e-06 1.89587e-13 1.62628e-13 
-1.37568 5.06968e-06 3.86096e-05 -1.07511e-05 4.45864e-05 5.26291e-08 1.44959e-05 9.89736e-06 -1.27281e-10 3.06869e-05 7.16498e-06 5.82056e-05 3.80813e-05 2.67752e-05 -7.45916e-06 -1.5554e-06 3.09199e-05 0.000228859 0.000121454 0.000153111 5.96098e-05 3.13843e-05 8.20104e-05 5.64726e-05 2.01304e-05 2.59429e-05 6.75977e-05 3.13626e-05 1.87945e-05 2.98383e-05 0.000235798 0.000229307 6.27881e-05 9.63555e-05 0.000100645 7.95554e-05 7.15097e-05 0.000195792 7.77516e-05 0.000279221 2.36336e-05 0.000131398 0.00152356 0.000328936 0.000160264 7.01128e-05 0.000321659 0.000217929 8.12664e-05 0.000184944 0.000118128 0.00019136 0.000399646 0.000243566 0.00014203 0.000126905 0.000147637 0.000913549 0.000362725 0.000101858 0.000615122 6.93832e-05 0.000404151 4.6955e-05 -3.78174e-05 -1.4864e-07 7.73709e-14 1.76541e-14 
16.5788 2.30915e-05 0.00019336 -7.61431e-05 0.000451891 -2.64099e-06 8.96234e-05 -6.42792e-05 -1.75145e-09 0.000282876 0.000201898 0.000260513 -0.000316953 -0.00019135 -5.08367e-07 -0.000199598 0.000538867 0.00044635 0.000625742 0.000542829 0.000249009 0.00013759 0.000338055 0.0002114 0.000119285 0.000120063 0.000318314 0.000128711 9.43104e-05 0.000131236 0.00109312 0.00106407 0.000269308 0.000100645 0.000767928 0.000399941 0.000388178 0.000914235 0.000390721 0.00129471 9.07186e-05 0.000643049 0.00693663 0.00152052 0.000706991 0.000355402 0.00151834 0.000969132 0.000380356 0.000860239 0.000527464 0.000856665 0.00194694 0.00111068 0.000653654 0.000614276 0.000632502 0.00424044 0.00166544 0.000498336 0.00292879 0.000347622 0.00200961 0.000295732 -0.000203946 -2.93832e-06 1.27461e-13 -1.44315e-13 
14.7751 2.66912e-05 0.000155427 2.91429e-05 0.00036956 1.94227e-06 8.0247e-05 8.41738e-05 3.17609e-10 0.000168868 2.66664e-05 0.000272717 0.000253407 -5.51488e-06 -0.00022314 -0.000178564 -0.000120997 0.000685676 0.000465802 0.000403207 0.000250263 0.00014461 0.00031865 0.00023262 0.00010438 0.000119956 0.000291906 0.000123149 9.479e-05 0.000116575 0.00100102 0.00101573 0.000266436 7.95554e-05 0.000399941 0.000699572 0.000347953 0.000865328 0.000397271 0.00123287 7.96236e-05 0.000603805 0.00653605 0.00138247 0.000665498 0.000316974 0.00141237 0.00091291 0.000347307 0.000794979 0.000488583 0.000796955 0.00176528 0.00103615 0.00060205 0.000586891 0.000667746 0.00399407 0.00158478 0.000438333 0.00269801 0.000307875 0.00180347 0.000248333 -0.000198043 -4.63405e-06 3.53236e-13 1.81235e-13 
24.2942 2.23227e-05 0.000175096 -4.49164e-05 0.000327229 -1.30736e-06 7.87661e-05 7.95106e-05 -5.78073e-10 0.000245433 9.16118e-05 0.000165132 -0.000160043 -9.21405e-05 -8.0919e-05 -0.000221446 0.000184465 0.000200044 0.000480707 0.000368724 0.000203907 0.000115888 0.000259038 0.000155583 9.86481e-05 0.000111543 0.00025746 0.000109822 7.81855e-05 9.79282e-05 0.000878965 0.00087671 0.000213628 7.15097e-05 0.000388178 0.000347953 0.000570597 0.000775152 0.000343536 0.0011191 6.83093e-05 0.000537011 0.00565631 0.00121946 0.000538304 0.000299119 0.0012492 0.000792799 0.000313562 0.000701291 0.00042447 0.000700788 0.00159218 0.000910409 0.00054105 0.000522241 0.000527137 0.00347727 0.00134909 0.000401124 0.00239618 0.000267831 0.00165524 0.0002564 -0.000185428 -5.25821e-06 9.0979e-14 -2.99246e-14 
58.025 6.76108e-05 0.000457465 7.94658e-05 -0.000381458 3.56116e-06 0.000271692 0.000389826 1.88383e-09 0.000354619 1.42669e-05 0.000451623 0.000456725 6.08932e-06 -0.000355691 -0.000552282 -0.000328854 0.00116929 0.00108061 0.00106014 0.000498613 0.000290328 0.000668125 0.000492219 0.000237544 0.000266869 0.000627741 0.000256744 0.000203902 0.000245423 0.00219774 0.002217 0.000537754 0.000195792 0.000914235 0.000865328 0.000775152 0.0027849 0.000876564 0.00289367 0.000193273 0.00133335 0.0142863 0.00306846 0.00147594 0.000706449 0.00307652 0.00200498 0.000779949 0.00177025 0.00108672 0.00176778 0.00396887 0.0023037 0.00133839 0.00130428 0.00156789 0.00893332 0.00354284 0.000980326 0.0059848 0.000679865 0.00398638 0.000554282 -0.00046187 -1.08747e-05 8.04537e-13 5.23978e-13 
21.9769 2.57289e-05 0.000187378 -0.000194016 0.000309245 -2.99051e-07 9.56513e-05 -2.31989e-06 -3.96847e-10 0.00026047 8.5256e-05 0.000207031 -2.03373e-06 3.41634e-05 0.000132851 -0.000137209 0.000508062 0.000645743 0.000578809 0.000495476 0.000198586 0.00011799 0.000315014 0.000219154 0.000110788 0.000127594 0.000280176 0.000120804 9.76985e-05 0.00011881 0.00096658 0.000978982 0.000245038 7.77516e-05 0.000390721 0.000397271 0.000343536 0.000876564 0.000672633 0.00128939 8.0258e-05 0.000586669 0.0062767 0.00137014 0.000630549 0.000303855 0.00136764 0.000893309 0.000355158 0.000779172 0.000494478 0.000791235 0.00174543 0.00104473 0.000610701 0.000568682 0.00066239 0.00394039 0.00158244 0.000454572 0.0027373 0.000330509 0.00187835 0.000250267 -0.000177131 -2.79423e-06 2.11334e-13 4.73679e-14 
77.1339 6.25254e-05 0.00024202 4.31922e-05 0.00030468 -2.44792e-06 4.51382e-05 0.000144209 1.30025e-10 0.000713939 0.000280867 0.000788021 0.000733332 0.000608326 0.000612452 -9.76258e-05 0.00350658 0.00252309 0.00199952 0.00169941 0.00092918 0.000478894 0.00107933 0.000737016 0.000390973 0.000416267 0.000980929 0.000418119 0.000302428 0.000407244 0.00326756 0.00324765 0.000814713 0.000279221 0.00129471 0.00123287 0.0011191 0.00289367 0.00128939 0.00566286 0.000299523 0.00209847 0.0215855 0.00451725 0.00197757 0.00105143 0.0045541 0.00290686 0.00118116 0.00258934 0.00160868 0.00264637 0.00592727 0.0035331 0.00205046 0.00206018 0.00244365 0.0138098 0.00557565 0.00157348 0.00959745 0.00115333 0.00674097 0.00104977 -0.000489612 -1.1845e-06 6.14174e-13 2.68781e-13 
5.2728 -2.11951e-07 8.37771e-06 2.57536e-05 -1.32312e-05 -1.42586e-06 -8.33925e-06 1.14627e-05 -3.29474e-11 4.45156e-05 2.93428e-05 6.06424e-05 6.61329e-05 8.39752e-05 6.77768e-05 2.55174e-05 0.000411574 0.000256793 0.00015585 0.000167886 8.18994e-05 3.7324e-05 8.34474e-05 5.7999e-05 3.48658e-05 2.65447e-05 6.7992e-05 2.71498e-05 2.04665e-05 3.20456e-05 0.000241351 0.000219411 5.41842e-05 2.36336e-05 9.07186e-05 7.96236e-05 6.83093e-05 0.000193273 8.0258e-05 0.000299523 0.000173313 0.000155071 0.00164527 0.000333181 0.000148311 7.21157e-05 0.000311799 0.000210969 7.63384e-05 0.000180818 0.000111428 0.000191886 0.000430844 0.000252106 0.000144703 0.000146757 0.000173167 0.00105187 0.000415999 0.000109109 0.000707999 8.09549e-05 0.000505736 7.13959e-05 -2.2025e-05 8.54638e-07 1.27126e-14 1.22463e-15 
30.3482 2.09463e-06 6.82065e-05 3.51071e-05 -0.000180687 -3.09432e-06 1.3346e-05 4.16471e-05 -3.64716e-10 0.000518041 0.000427414 0.000774214 0.000697288 0.000702814 0.000572287 0.000793266 0.00449769 0.00214185 0.0015301 0.00119899 0.00048781 0.000279191 0.000683375 0.000478622 0.00022294 0.00023702 0.000568839 0.000224656 0.000185399 0.000210542 0.00176625 0.00169141 0.000421445 0.000131398 0.000643049 0.000603805 0.000537011 0.00133335 0.000586669 0.00209847 0.000155071 0.00310327 0.0130849 0.00270525 0.00115228 0.0005685 0.00239118 0.00158007 0.000603734 0.00132375 0.000850879 0.00139725 0.00321101 0.0019577 0.00111526 0.00112618 0.00131324 0.00781026 0.00308586 0.000855736 0.00538559 0.000646235 0.00378442 0.000512091 -9.44609e-05 1.16643e-05 2.05068e-13 3.54796e-14 
173.244 -0.000164529 0.000667562 -0.00161183 0.00032133 -0.000125298 2.02236e-05 -0.000179054 -4.41328e-09 0.00394831 0.00471937 0.00928811 0.00838662 0.0085628 0.00670352 0.0104133 0.0526224 0.02705 0.0150939 0.0134184 0.00631689 0.00319718 0.00744888 0.00489893 0.00236202 0.00258663 0.00602836 0.00244007 0.0018799 0.00235968 0.0192444 0.0183965 0.00453655 0.00152356 0.00693663 0.00653605 0.00565631 0.0142863 0.0062767 0.0215855 0.00164527 0.0130849 0.164166 0.029169 0.0128115 0.00595032 0.0256679 0.0168193 0.00652143 0.0146325 0.0090787 0.0150552 0.0345485 0.0206214 0.0119563 0.0119305 0.0138072 0.0837198 0.033387 0.00946517 0.058503 0.00744819 0.0408701 0.00581423 -0.000673114 5.4193e-05 1.31187e-12 7.2811e-14 
83.1975 -1.03907e-05 0.000214135 0.000583345 0.000430952 -1.85694e-05 -0.000106808 0.000470699 5.68134e-11 0.00080992 0.000909536 0.00199459 0.00158915 0.00159147 0.00149297 0.00155125 0.00911957 0.00507871 0.00303296 0.00231377 0.00119117 0.000661394 0.00155043 0.00105345 0.00047714 0.000530449 0.00124956 0.000511804 0.000384774 0.000498323 0.00404847 0.00394374 0.000970868 0.000328936 0.00152052 0.00138247 0.00121946 0.00306846 0.00137014 0.00451725 0.000333181 0.00270525 0.029169 0.0109707 0.00263128 0.00118688 0.0055987 0.00371417 0.00131808 0.00326009 0.00180709 0.00312023 0.00715247 0.00428876 0.00252797 0.00248937 0.00291802 0.0172655 0.00698901 0.00199732 0.0122114 0.00157981 0.00845481 0.00112996 -0.000264625 1.00894e-05 4.43556e-13 1.7107e-13 
56.653 -2.11955e-05 0.000138498 0.000316463 -0.000362321 -8.78093e-06 7.63522e-05 0.000485146 5.5358e-10 0.000540006 0.000298933 0.000680183 0.000520942 0.000803558 5.06147e-05 0.00040386 0.00246424 0.00245827 0.00163728 0.00122966 0.000474049 0.000273329 0.000742982 0.000486862 0.000185095 0.000232251 0.000520113 0.000253027 0.000192528 0.000227971 0.00184068 0.00180596 0.000462844 0.000160264 0.000706991 0.000665498 0.000538304 0.00147594 0.000630549 0.00197757 0.000148311 0.00115228 0.0128115 0.00263128 0.00416183 0.000643109 0.00241225 0.00156867 0.000566912 0.00141626 0.000912708 0.00153731 0.00318837 0.0019481 0.0012078 0.00116573 0.00122457 0.00779274 0.0030677 0.000868463 0.00546421 0.000687415 0.00384723 0.000756159 -0.000178676 2.14367e-05 3.99933e-13 2.01217e-13 
-9.32772 7.36635e-07 7.84957e-05 0.000163666 8.46208e-05 1.93557e-07 -2.59973e-05 -7.40229e-07 -6.57522e-10 9.37296e-05 0.000179214 0.000409905 0.00034942 0.000321822 0.000398597 0.000370276 0.00206092 0.00131661 0.000626187 0.000519318 0.000234063 0.000136385 0.00034539 0.000219078 0.000125833 0.00012391 0.000283163 0.000121896 9.07454e-05 0.000118081 0.000922949 0.0008845 0.0002139 7.01128e-05 0.000355402 0.000316974 0.000299119 0.000706449 0.000303855 0.00105143 7.21157e-05 0.0005685 0.00595032 0.00118688 0.000643109 0.00165813 0.00124043 0.000811621 0.000302695 0.000680521 0.000432404 0.000615662 0.00145342 0.000913969 0.000626576 0.000560162 0.000656948 0.003718 0.00153721 0.000399238 0.0024531 0.000279867 0.00175024 0.000186384 -6.07626e-05 -6.37746e-06 -2.57997e-14 -9.41687e-14 
