* MPD
estimate_values:
process[Recruitment].b0 selectivity[MaturationSel_male].v{1} selectivity[MaturationSel_male].v{2} selectivity[MaturationSel_male].v{3} selectivity[MaturationSel_male].v{4} selectivity[MaturationSel_female].v{1} selectivity[MaturationSel_female].v{2} selectivity[MaturationSel_female].v{3} selectivity[MaturationSel_female].v{4} process[Recruitment].ycs_values{1958} process[Recruitment].ycs_values{1959} process[Recruitment].ycs_values{1960} process[Recruitment].ycs_values{1961} process[Recruitment].ycs_values{1962} process[Recruitment].ycs_values{1963} process[Recruitment].ycs_values{1964} process[Recruitment].ycs_values{1965} process[Recruitment].ycs_values{1966} process[Recruitment].ycs_values{1967} process[Recruitment].ycs_values{1968} process[Recruitment].ycs_values{1969} process[Recruitment].ycs_values{1970} process[Recruitment].ycs_values{1971} process[Recruitment].ycs_values{1972} process[Recruitment].ycs_values{1973} process[Recruitment].ycs_values{1974} process[Recruitment].ycs_values{1975} process[Recruitment].ycs_values{1976} process[Recruitment].ycs_values{1977} process[Recruitment].ycs_values{1978} process[Recruitment].ycs_values{1979} process[Recruitment].ycs_values{1980} process[Recruitment].ycs_values{1981} process[Recruitment].ycs_values{1982} process[Recruitment].ycs_values{1983} process[Recruitment].ycs_values{1984} process[Recruitment].ycs_values{1985} process[Recruitment].ycs_values{1986} process[Recruitment].ycs_values{1987} process[Recruitment].ycs_values{1988} process[Recruitment].ycs_values{1989} process[Recruitment].ycs_values{1990} process[Recruitment].ycs_values{1991} process[Recruitment].ycs_values{1992} process[Recruitment].ycs_values{1993} process[Recruitment].ycs_values{1994} process[Recruitment].ycs_values{1995} process[Recruitment].ycs_values{1996} process[Recruitment].ycs_values{1997} process[Recruitment].ycs_values{1998} process[Recruitment].ycs_values{1999} process[Recruitment].ycs_values{2000} process[Recruitment].ycs_values{2001} process[Recruitment].ycs_values{2002} process[Recruitment].ycs_values{2003} process[Recruitment].ycs_values{2004} process[Recruitment].ycs_values{2005} process[Recruitment].ycs_values{2006} process[Recruitment].ycs_values{2007} process[Recruitment].ycs_values{2008} process[Recruitment].ycs_values{2009} process[Recruitment].ycs_values{2010} process[Recruitment].ycs_values{2011} process[Recruitment].ycs_values{2012} process[Instantaneous_Mortality].m{male.nonspawn} process[Instantaneous_Mortality].m{female.nonspawn} observation[TangaroaAcousticMature].process_error observation[TangaroaAcousticImmature].process_error 
314528 0.0855841 0.729928 0.512671 0.331186 0.0190747 0.51254 0.941203 0.999 0.255897 0.260995 0.267025 0.274311 0.283173 0.2941 0.3088 0.824677 0.531625 0.370703 0.266765 0.138528 0.0802537 0.158215 0.106305 0.0575722 0.0607929 0.127247 0.0505653 0.0395934 0.0499645 0.375867 0.368154 0.0940201 0.0328014 0.136472 0.130805 0.112561 0.286164 0.127934 0.437718 0.0358979 0.256495 2.75116 0.558714 0.2639 0.126748 0.560017 0.36192 0.144856 0.320595 0.192791 0.298743 0.705181 0.417688 0.254272 0.252378 0.324954 1.69567 0.686601 0.200672 1.20373 0.16935 0.875692 0.132659 0.151183 0.160327 0.0001 0.0001 
covariance_matrix:
2.4337e+08 34.5294 158.68 205.458 427.108 8.81724 103.359 87.1487 -8.54406e-05 610.425 266.545 267.998 156.96 -58.5377 -266.586 -831.664 -2996.08 -754.135 -435.873 -283.036 -134.148 -56.9754 -148.861 -79.921 -33.135 -37.1698 -58.4492 -17.7956 -3.38651 -8.02977 -55.7376 -3.66333 -3.9423 -2.59353 11.1332 16.8898 16.1149 58.9408 17.6871 53.9771 3.75968 24.3659 69.1105 58.5207 39.9967 -14.0903 -3.99245 22.0743 -3.41681 22.8366 9.50528 23.6462 132.238 90.6422 82.8277 99.9826 164.227 1183.91 577.935 189.296 1472.35 253.637 1715 277.311 -129.575 1.79783 6.66782e-09 -8.50832e-08 
34.5294 0.000211012 0.000116055 0.000102834 0.000232122 1.01377e-05 7.5856e-05 6.29773e-05 -2.35932e-10 9.66789e-06 4.23146e-05 -0.00012429 -0.000114005 -0.000193719 -0.000210718 -0.000356152 -0.000762639 -0.000213697 -9.91562e-05 -2.19042e-05 -3.28738e-06 -4.18897e-06 -1.01673e-05 -1.5305e-05 9.42852e-06 -5.65093e-06 2.14923e-05 8.61754e-06 3.68359e-06 7.93486e-06 5.47267e-05 6.50653e-05 1.22555e-05 6.66203e-06 2.98709e-05 2.88185e-05 3.54293e-05 9.09699e-05 4.11372e-05 0.000106979 6.43839e-06 1.5898e-05 8.34405e-05 1.91062e-05 1.32866e-05 6.22385e-06 7.98714e-05 7.56537e-05 2.2152e-05 4.04537e-05 4.06218e-05 6.26856e-05 6.78634e-05 4.80141e-05 4.21898e-05 4.93754e-06 3.31315e-05 0.000116512 7.88008e-05 1.82674e-05 0.000161566 1.18167e-05 2.35007e-06 -3.48279e-05 -6.26637e-05 -2.20973e-06 -3.1035e-15 -4.77121e-14 
158.68 0.000116055 0.00392785 -0.00343357 0.00421967 3.27635e-05 0.0010274 0.000869118 -1.10152e-09 5.05877e-05 0.00107992 -0.00018317 -0.000821047 -0.000788097 -0.000854609 -0.00088569 -0.00222982 -0.000802053 -0.000416782 -0.000175844 -1.7485e-05 2.48756e-05 0.000101057 3.49553e-05 1.06183e-05 5.42031e-05 0.000114153 5.63298e-05 2.60081e-05 2.37384e-05 0.000234122 0.000239082 4.58025e-05 1.72904e-05 8.35562e-05 7.43238e-05 0.000110063 0.000428984 0.000142904 0.00015971 -1.08657e-06 3.29379e-05 3.98812e-05 5.69549e-05 0.000126007 -8.36951e-06 0.000474645 0.000272447 0.000166653 -6.96726e-05 0.000217589 -4.89074e-05 0.000857758 -3.11715e-05 0.000232833 7.59662e-05 2.05536e-05 0.000737234 0.000236226 3.15634e-05 0.000181817 -0.000174915 -0.00135615 -0.000304444 -0.0002029 -2.08613e-05 5.72328e-14 -6.95829e-14 
205.458 0.000102834 -0.00343357 0.0347387 -0.0319386 2.66967e-05 -0.000324415 -0.0021833 1.51274e-09 -7.34131e-05 0.00124745 -0.000918652 0.000277648 -2.88269e-05 -0.00310984 -0.00411938 -0.00414046 -0.00302058 -0.00065581 -0.000330223 4.10711e-05 -0.000146936 -0.000260385 -7.20022e-05 0.000132512 4.13992e-05 0.000132094 -1.06787e-05 -1.32654e-05 -7.58158e-06 0.00040162 0.000390779 0.000129214 3.11751e-05 0.000161801 0.000307347 0.000336539 0.000357826 8.937e-05 0.000731691 4.53477e-05 4.38657e-05 0.00061859 0.000825998 0.000866921 3.58636e-05 2.00978e-05 0.000589322 -0.000104096 0.000591122 7.70978e-05 0.000620078 -0.000374162 0.00034939 0.000147959 0.000129465 0.000306937 7.14932e-05 -0.000394895 0.000317858 0.00107055 5.53997e-05 0.00058468 0.00032086 -0.00047212 2.90581e-05 -2.49224e-13 8.11324e-13 
427.108 0.000232122 0.00421967 -0.0319386 0.167691 3.11847e-05 0.00202101 0.00553315 3.29497e-08 0.00699849 -0.0010527 -0.0100548 0.00557607 -0.0030167 0.0172478 -0.00210062 -0.000416133 0.00142784 0.000387587 0.000553642 0.000331728 0.000147086 0.000245828 0.000224472 -2.92431e-05 0.000287992 0.000174649 -7.02048e-05 8.13499e-06 5.05322e-05 -0.000106873 -7.06979e-05 -8.34522e-05 -6.1996e-05 -0.000160744 -8.71624e-06 -0.000113159 -0.00113945 -2.75015e-05 -0.00037203 -1.09671e-05 -0.000124968 0.00112874 0.000293139 -0.00070374 8.33556e-05 0.00344856 -0.000961759 0.000568878 -0.000998621 0.000772078 -0.000806004 0.0019649 -0.000583343 0.000525128 0.000838367 0.000165135 4.18673e-05 0.00200921 0.000819119 0.00749942 0.000325823 0.003202 0.00010949 0.000433 0.000100285 3.62408e-13 -1.7862e-11 
8.81724 1.01377e-05 3.27635e-05 2.66967e-05 3.11847e-05 4.0252e-05 1.1436e-05 2.66743e-05 -5.14018e-11 -1.22603e-05 -5.20535e-05 -5.42884e-05 -1.60451e-05 -6.77054e-08 -1.78055e-06 -5.69154e-05 -0.000301109 -4.72103e-05 -1.5898e-05 -7.05265e-06 -2.75544e-06 -4.49417e-06 -8.88738e-06 -9.36496e-06 -1.8536e-06 -2.50092e-06 -8.76054e-07 2.20698e-07 -7.42867e-07 -2.08916e-07 -3.49998e-06 -7.76903e-06 -3.0281e-06 1.9698e-07 -8.37513e-07 -1.68067e-06 2.50773e-06 7.13665e-06 3.41178e-06 3.17691e-06 7.11807e-07 -3.93623e-06 -8.85633e-05 -1.81043e-05 -4.26239e-06 -3.08479e-06 -1.47374e-05 -7.82153e-06 3.65272e-06 -4.17282e-06 1.26905e-06 -1.13785e-05 -1.45125e-05 -4.09719e-06 -1.00986e-05 -4.97716e-06 -9.20525e-06 -2.62492e-05 -1.57329e-05 -3.84331e-06 -1.70755e-05 7.86031e-07 -2.0668e-05 -1.46454e-05 -1.18515e-05 1.58398e-06 1.58103e-15 -1.9463e-14 
103.359 7.5856e-05 0.0010274 -0.000324415 0.00202101 1.1436e-05 0.00177868 0.000548153 -8.98563e-10 0.00042038 0.000931664 -0.000171034 -0.000736096 -0.000902683 -0.000522949 -0.000636748 -0.00152506 -0.000552987 -0.000260622 -0.000109197 -1.28315e-05 7.46107e-06 3.96961e-05 1.11687e-05 9.04291e-06 2.95835e-05 5.72061e-05 3.01042e-05 1.2981e-05 7.77121e-06 0.000112122 0.00014928 3.20593e-05 1.16312e-05 5.72575e-05 4.96125e-05 6.75791e-05 0.000263229 9.51637e-05 9.81843e-05 -8.97118e-07 2.71714e-05 0.000126603 3.78056e-05 4.09519e-05 1.00514e-05 0.000215849 0.000118934 9.9136e-05 -3.68743e-05 0.000111131 1.09585e-05 0.000441495 -1.57567e-05 0.000122543 1.224e-05 4.90848e-06 0.000521919 0.000186541 -3.5977e-05 -0.000149468 -6.6735e-05 -0.000701424 -0.000183023 -0.000133344 1.1057e-05 -1.38927e-14 9.45252e-14 
87.1487 6.29773e-05 0.000869118 -0.0021833 0.00553315 2.66743e-05 0.000548153 0.00955533 -3.54314e-09 0.00029692 0.00103845 -0.000118333 -0.00109951 -0.000808413 -0.00151111 0.00287484 0.000648978 0.000723998 0.00034918 0.000166353 5.42253e-05 3.51153e-05 3.37454e-05 4.92306e-05 -1.82087e-05 3.19004e-05 3.76232e-05 8.56041e-06 -5.66085e-06 -6.52485e-06 -2.85536e-05 -0.000130339 -3.25202e-05 -9.00858e-06 -8.97058e-05 -7.72764e-05 -8.3513e-06 -3.24697e-05 -8.69427e-05 -0.000162811 4.33524e-06 -3.03342e-05 -0.000661693 0.000399556 0.000434867 9.72632e-06 -0.000500448 0.000272968 -3.82528e-05 -8.81175e-05 -0.000192773 9.09796e-05 -0.000300636 -3.19339e-06 7.84643e-05 2.44689e-05 1.28166e-05 -0.000279127 -0.00027623 -5.39163e-05 0.000252556 -3.20086e-05 -0.000581643 -1.15754e-06 9.46487e-05 -9.32387e-06 4.38608e-14 1.68539e-12 
-8.54406e-05 -2.35932e-10 -1.10152e-09 1.51274e-09 3.29497e-08 -5.14018e-11 -8.98563e-10 -3.54314e-09 8.0513e-12 5.52112e-09 1.10537e-09 6.13398e-09 -1.29186e-08 1.60842e-08 -3.87218e-08 1.81916e-08 1.29489e-08 2.69489e-09 -1.07309e-09 -1.31462e-10 -4.27485e-10 2.95236e-10 -3.74739e-10 -5.46469e-10 -7.65833e-11 -1.82767e-10 -4.95547e-10 -1.93188e-10 -1.86169e-10 -1.42868e-10 -2.18213e-09 -1.49959e-09 -4.17679e-10 -1.62425e-10 -6.77865e-10 -7.08962e-10 -6.40124e-10 -1.66428e-09 -7.70156e-10 -2.20196e-09 -1.66029e-10 -1.68453e-09 -1.35253e-08 -1.95867e-09 -6.41032e-10 -1.85025e-10 -1.95582e-09 -3.39558e-09 -4.40558e-11 -1.0656e-09 -1.29999e-09 2.15178e-10 -5.14211e-09 -2.16558e-09 -1.20204e-09 -1.09604e-09 -7.16669e-10 -4.65537e-09 -3.74236e-09 -2.01481e-09 -9.80683e-09 -7.08478e-10 -3.32025e-09 -2.95644e-10 1.89563e-10 -3.42249e-10 -1.27903e-16 -4.83177e-16 
610.425 9.66789e-06 5.05877e-05 -7.34131e-05 0.00699849 -1.22603e-05 0.00042038 0.00029692 5.52112e-09 0.0759775 -0.00452445 -0.000185647 -0.0015228 -0.00709385 -0.00536324 -0.00821543 -0.00621643 -3.92141e-05 -0.000341196 -6.50227e-05 -0.000158727 -2.7384e-05 -8.13091e-05 -4.4103e-05 1.58354e-05 -7.34823e-05 -1.33603e-05 1.58284e-05 6.41069e-06 1.98601e-05 8.42682e-05 0.000100072 3.21827e-06 1.0552e-05 3.34768e-05 -5.19697e-06 1.62094e-05 0.000196577 3.29067e-05 0.000140505 1.07723e-05 5.72819e-05 0.000659212 0.000198293 0.000307695 -2.32998e-05 -0.00019081 0.000196545 -3.63644e-05 4.73276e-05 6.47783e-05 1.08777e-05 0.000259845 7.69819e-05 0.000134829 9.68346e-06 3.86195e-05 0.000325459 0.000133662 1.26332e-06 -0.000150736 -3.82443e-05 -0.0004041 -0.000215663 2.5143e-05 -3.16331e-05 1.69144e-13 3.86064e-12 
266.545 4.23146e-05 0.00107992 0.00124745 -0.0010527 -5.20535e-05 0.000931664 0.00103845 1.10537e-09 -0.00452445 0.0584734 0.00233901 -0.000109407 0.00182933 -0.00350141 -0.00234156 -0.00841545 0.00239569 0.000162236 0.000252771 -1.10815e-05 2.83628e-05 4.76077e-05 -8.31047e-05 -7.21914e-06 -7.32611e-05 -8.1866e-05 -3.16403e-05 -4.65308e-05 -4.31922e-05 -0.000510875 -0.000513322 -0.000170279 -5.50217e-05 -0.000306775 -0.000344295 -0.000251946 -0.000566909 -0.000267029 -0.000839096 -3.99915e-05 -0.000336225 -0.00226209 -0.000317637 0.00024557 -0.000200136 -0.000538713 -0.000359087 -3.39988e-05 -0.000540578 -0.000225467 -9.6059e-05 -0.000858992 -0.000488817 -0.000314816 -0.000224297 -0.000272444 -0.00186769 -0.000754802 -0.000520791 -0.00159976 -0.00024561 -0.00197444 -0.000482461 0.000450932 -2.33619e-05 -2.55719e-14 3.18431e-12 
267.998 -0.00012429 -0.00018317 -0.000918652 -0.0100548 -5.42884e-05 -0.000171034 -0.000118333 6.13398e-09 -0.000185647 0.00233901 0.0780207 -0.0014653 -0.0118929 -0.00397206 0.00627548 -0.0127088 0.00228936 4.45429e-06 0.000245325 -1.0456e-05 -2.62593e-05 5.58399e-05 -4.06126e-05 -2.99256e-05 -2.27774e-06 -8.53601e-05 -3.46795e-05 -4.16648e-05 -1.51522e-05 -0.000381068 -0.000587716 -0.000220731 -6.41e-05 -0.000352599 -0.000367866 -0.000285116 -0.000673192 -0.000255987 -0.000661008 -1.78765e-05 -8.98704e-05 0.000617182 6.61317e-05 -0.000120395 -5.35109e-05 -0.000621831 -0.000225678 -6.80941e-05 -0.00027001 -0.00021836 -0.00019201 -0.000353593 -4.79711e-05 -0.000288273 -7.20485e-05 3.96016e-06 -0.000857483 -0.000188885 -0.000198118 -0.000579357 -0.000203158 -0.00118988 -0.000393117 0.000750211 5.41921e-06 2.63355e-15 -2.55351e-12 
156.96 -0.000114005 -0.000821047 0.000277648 0.00557607 -1.60451e-05 -0.000736096 -0.00109951 -1.29186e-08 -0.0015228 -0.000109407 -0.0014653 0.0673344 -0.00614693 -0.0081401 -0.00190667 -0.00508484 0.000733986 5.72524e-05 0.000190894 -6.96962e-05 -1.39511e-05 -6.93445e-05 -7.09577e-05 -2.29358e-05 5.30022e-05 -3.53822e-05 -1.71277e-05 -5.55021e-06 3.25307e-05 -6.5592e-05 -0.000161866 -0.000102507 -2.87124e-05 -0.000146895 -0.000148713 -0.000127363 -0.000389061 -0.000140486 -0.000152795 1.75827e-05 4.30475e-05 0.0018823 0.000560268 0.000113183 0.000148655 -0.00020437 -0.000318086 0.000108751 0.000107814 -0.000235515 0.000263191 -0.000240563 0.000245752 -5.15859e-05 0.000148133 0.000344437 0.000586851 0.000377067 -0.000122384 0.00030611 0.000181402 0.00081127 4.76238e-05 0.00045724 -6.5003e-05 1.07776e-13 1.35742e-11 
-58.5377 -0.000193719 -0.000788097 -2.88269e-05 -0.0030167 -6.77054e-08 -0.000902683 -0.000808413 1.60842e-08 -0.00709385 0.00182933 -0.0118929 -0.00614693 0.106856 -0.00768946 -0.0166881 -0.011987 -0.000243523 0.00100628 0.000635472 0.000259973 -1.04274e-06 7.25206e-05 8.15291e-05 0.000156833 0.000150254 0.000277148 7.49287e-05 0.000101836 0.000114726 0.000909726 0.000729953 9.70315e-05 2.40908e-05 0.000160097 0.000163398 0.00016141 0.000288901 0.000183683 0.000915877 8.56059e-05 0.000826438 0.00914288 0.00146258 0.000380973 0.000361217 0.00154215 0.00118635 0.000334019 0.000785735 0.000472801 0.000628193 0.00193202 0.00110455 0.000613813 0.000370715 0.000652024 0.00502854 0.00158643 0.000515517 0.00223506 0.000267174 0.00116673 0.000337486 0.00062965 0.000105665 6.46585e-13 -1.2344e-12 
-266.586 -0.000210718 -0.000854609 -0.00310984 0.0172478 -1.78055e-06 -0.000522949 -0.00151111 -3.87218e-08 -0.00536324 -0.00350141 -0.00397206 -0.0081401 -0.00768946 0.0768542 -0.00244376 -0.00565825 -0.00135466 0.0009187 0.000466765 0.000118356 5.91525e-05 0.00010255 7.43306e-05 8.7078e-05 0.000147874 0.000108606 4.21584e-05 5.84206e-05 7.73434e-05 0.000391986 0.000148772 -1.10844e-05 -5.84428e-06 -7.56382e-06 -4.08923e-05 -6.97634e-05 -0.000164825 -2.03149e-05 0.000226966 4.09405e-05 0.00036148 0.00506943 0.000938109 0.000491915 0.000265624 0.000838078 9.01248e-05 0.000344544 0.000544903 -6.62324e-05 0.000400188 0.000983888 0.000529708 0.000420351 0.00039886 0.000775742 0.00370913 0.000940372 0.000158843 0.00157145 0.000309589 0.00174487 0.000268472 0.000619204 -7.31491e-05 -1.00924e-13 2.48193e-11 
-831.664 -0.000356152 -0.00088569 -0.00411938 -0.00210062 -5.69154e-05 -0.000636748 0.00287484 1.81916e-08 -0.00821543 -0.00234156 0.00627548 -0.00190667 -0.0166881 -0.00244376 0.122501 -0.0128248 0.00327691 0.00308009 0.00149902 0.000738475 0.000401461 0.00108577 0.000389129 0.000326909 6.34666e-05 0.000342643 8.21226e-05 7.94636e-05 8.9589e-05 0.000350008 -0.000357637 -0.000183784 -8.19581e-05 -0.000413538 -0.000500839 -0.000459575 -0.000958389 -0.000299426 -0.000295661 3.87743e-05 0.00074923 0.00949697 0.00117919 0.000296927 0.000412662 0.00233064 0.00125284 0.000313042 0.00045494 0.000451968 0.000552011 0.00192679 0.000472558 0.000747189 0.00032292 0.00102431 0.00638479 0.000972943 0.000577126 0.003189 -0.000241651 -0.000187718 -2.9023e-05 0.00216668 0.000144917 6.61106e-13 -9.12037e-12 
-2996.08 -0.000762639 -0.00222982 -0.00414046 -0.000416133 -0.000301109 -0.00152506 0.000648978 1.29489e-08 -0.00621643 -0.00841545 -0.0127088 -0.00508484 -0.011987 -0.00565825 -0.0128248 0.31337 -0.00392251 0.0101601 0.00607558 0.00291188 0.0014626 0.00383442 0.00277295 0.00111929 0.00108903 0.00231407 0.000713482 0.000721918 0.000789629 0.0058889 0.0045934 0.0010861 0.000248621 0.00105776 0.000948639 0.000447544 0.00123238 0.000949703 0.00490878 0.000484269 0.00521987 0.0628477 0.0114188 0.00481658 0.0025336 0.0108522 0.00707803 0.00230126 0.00498506 0.00316981 0.00566687 0.0131477 0.00709412 0.00489698 0.00442783 0.00573933 0.0303601 0.0131851 0.00299736 0.0200664 0.00283035 0.0116464 0.00151968 0.00497328 0.000253888 -9.03145e-13 -5.36805e-12 
-754.135 -0.000213697 -0.000802053 -0.00302058 0.00142784 -4.72103e-05 -0.000552987 0.000723998 2.69489e-09 -3.92141e-05 0.00239569 0.00228936 0.000733986 -0.000243523 -0.00135466 0.00327691 -0.00392251 0.07577 0.00282406 0.00169035 0.000767981 0.000410934 0.000931427 0.000678307 0.000238013 0.000478015 0.000870692 0.000269844 0.000357547 0.000391974 0.00268949 0.00237466 0.000489637 0.000113396 0.000688261 0.000625946 0.000432595 0.00117119 0.000552912 0.00259789 0.000231249 0.00230354 0.0267469 0.00581168 0.00192962 0.000961484 0.00389917 0.00265984 0.00131077 0.00227725 0.00162215 0.00211555 0.00569142 0.00340665 0.00192278 0.0017926 0.00180247 0.0140333 0.00561489 0.00100783 0.00883544 0.0017096 0.0067434 0.00124318 0.00132508 -2.74696e-05 2.03785e-14 2.41492e-12 
-435.873 -9.91562e-05 -0.000416782 -0.00065581 0.000387587 -1.5898e-05 -0.000260622 0.00034918 -1.07309e-09 -0.000341196 0.000162236 4.45429e-06 5.72524e-05 0.00100628 0.0009187 0.00308009 0.0101601 0.00282406 0.0247468 0.00141674 0.000231132 0.000296462 0.000860888 0.000327778 0.000129541 0.000301501 0.00079822 0.000298693 0.000144844 0.000244902 0.00205905 0.00210229 0.000424329 0.000143247 0.000614003 0.000597502 0.000552952 0.00125805 0.000618657 0.00214735 0.000190644 0.00143542 0.0173992 0.00325852 0.00153614 0.000861231 0.00332705 0.00221917 0.000797253 0.00185771 0.000954236 0.00158774 0.00380423 0.00247572 0.00143797 0.0015585 0.00182528 0.00942406 0.00387344 0.00111802 0.00624503 0.000994456 0.00478918 0.000446237 0.000549741 3.3031e-05 5.60287e-14 1.66332e-12 
-283.036 -2.19042e-05 -0.000175844 -0.000330223 0.000553642 -7.05265e-06 -0.000109197 0.000166353 -1.31462e-10 -6.50227e-05 0.000252771 0.000245325 0.000190894 0.000635472 0.000466765 0.00149902 0.00607558 0.00169035 0.00141674 0.0119763 0.000802182 8.12363e-05 0.000503932 0.000204186 0.000132512 0.000229466 0.000498354 0.0001785 0.00011368 0.000129838 0.00135918 0.00115191 0.000268357 9.25596e-05 0.000475524 0.000354905 0.000409933 0.000841179 0.00043682 0.00145903 8.83968e-05 0.000862174 0.0112523 0.00197791 0.000895868 0.000507769 0.00224085 0.00141407 0.000436972 0.00123995 0.000583998 0.00106933 0.00249427 0.001495 0.00089871 0.00100193 0.00121543 0.00563799 0.00235901 0.000710166 0.00361631 0.000504834 0.00251421 8.20394e-05 0.000287513 6.53251e-06 1.58386e-14 7.23137e-13 
-134.148 -3.28738e-06 -1.7485e-05 4.10711e-05 0.000331728 -2.75544e-06 -1.28315e-05 5.42253e-05 -4.27485e-10 -0.000158727 -1.10815e-05 -1.0456e-05 -6.96962e-05 0.000259973 0.000118356 0.000738475 0.00291188 0.000767981 0.000231132 0.000802182 0.00492295 0.000235089 0.000122403 0.000105716 0.000137846 0.000156046 0.00021839 7.47824e-05 8.41549e-05 9.24713e-05 0.000715211 0.000688124 0.000150586 4.41091e-05 0.000250609 0.000251368 0.000179678 0.000480719 0.000235631 0.000860469 7.51745e-05 0.000608406 0.00626889 0.00124915 0.000563492 0.00025244 0.00123731 0.000788917 0.00025525 0.000626079 0.00035244 0.0005925 0.00145287 0.000779467 0.000428559 0.000412157 0.000606814 0.00299192 0.00121002 0.000343442 0.00195975 0.000288558 0.00083099 4.59292e-05 8.39584e-05 4.25302e-06 1.24924e-14 4.1835e-13 
-56.9754 -4.18897e-06 2.48756e-05 -0.000146936 0.000147086 -4.49417e-06 7.46107e-06 3.51153e-05 2.95236e-10 -2.7384e-05 2.83628e-05 -2.62593e-05 -1.39511e-05 -1.04274e-06 5.91525e-05 0.000401461 0.0014626 0.000410934 0.000296462 8.12363e-05 0.000235089 0.00184559 0.000391267 0.000113772 7.6775e-06 4.94074e-05 0.000139676 6.10108e-05 4.87845e-05 6.40131e-05 0.000446575 0.000401419 8.80785e-05 2.65634e-05 0.000133421 0.000121958 0.0001049 0.00030502 0.000134003 0.000503581 4.02718e-05 0.000312384 0.00339654 0.000681379 0.000323923 0.000160711 0.00070855 0.000434726 0.000149101 0.00031708 0.000218261 0.00034894 0.000836497 0.000462026 0.000269825 0.000262908 0.000322453 0.00195951 0.000691234 0.000134609 0.00125994 0.000114141 0.000783326 8.76547e-05 2.72976e-05 -1.20236e-06 -1.08919e-14 1.40867e-13 
-148.861 -1.01673e-05 0.000101057 -0.000260385 0.000245828 -8.88738e-06 3.96961e-05 3.37454e-05 -3.74739e-10 -8.13091e-05 4.76077e-05 5.58399e-05 -6.93445e-05 7.25206e-05 0.00010255 0.00108577 0.00383442 0.000931427 0.000860888 0.000503932 0.000122403 0.000391267 0.00328352 0.000345969 0.000100663 8.22678e-05 0.000345295 0.000130937 0.00011753 0.000141004 0.000986727 0.000941081 0.000255125 6.28486e-05 0.000356048 0.000306651 0.000275839 0.000794161 0.000327261 0.00120989 7.03276e-05 0.000686962 0.00775285 0.00162783 0.000742441 0.000343253 0.00158014 0.000991862 0.000391524 0.000797829 0.000480876 0.000749398 0.00188427 0.00106981 0.000616394 0.000577296 0.000707733 0.00435399 0.00153553 0.000294596 0.00268578 0.000144163 0.00136586 0.000349789 3.66192e-05 -1.09773e-06 -1.01707e-14 4.83703e-13 
-79.921 -1.5305e-05 3.49553e-05 -7.20022e-05 0.000224472 -9.36496e-06 1.11687e-05 4.92306e-05 -5.46469e-10 -4.4103e-05 -8.31047e-05 -4.06126e-05 -7.09577e-05 8.15291e-05 7.43306e-05 0.000389129 0.00277295 0.000678307 0.000327778 0.000204186 0.000105716 0.000113772 0.000345969 0.0015372 5.85251e-05 0.000104033 0.000210492 6.14268e-05 4.1709e-05 8.27122e-05 0.000551544 0.000540932 0.000150711 5.75095e-05 0.000194197 0.000176767 0.000175127 0.000433301 0.000220333 0.000695372 4.26327e-05 0.000361223 0.00419669 0.000775055 0.000389303 0.000198051 0.000882471 0.000631382 0.000250289 0.000450939 0.000321634 0.000455666 0.00107498 0.000626525 0.000356203 0.000318473 0.000429506 0.00262413 0.000925226 0.000207563 0.00165528 0.000158256 0.00126229 0.000226535 2.51168e-05 -1.11017e-06 -1.17599e-14 2.94933e-13 
-33.135 9.42852e-06 1.06183e-05 0.000132512 -2.92431e-05 -1.8536e-06 9.04291e-06 -1.82087e-05 -7.65833e-11 1.58354e-05 -7.21914e-06 -2.99256e-05 -2.29358e-05 0.000156833 8.7078e-05 0.000326909 0.00111929 0.000238013 0.000129541 0.000132512 0.000137846 7.6775e-06 0.000100663 5.85251e-05 0.000644906 7.86065e-05 0.000122562 6.45804e-05 2.19291e-05 4.11662e-05 0.000355116 0.000326187 8.27957e-05 3.61168e-05 0.000117123 0.000116062 0.000104055 0.000234411 0.000110537 0.000363908 3.35903e-05 0.000243052 0.00251605 0.000532972 0.0002015 6.15183e-05 0.000470703 0.000303624 9.44451e-05 0.000301746 0.000156924 0.000280418 0.00069942 0.000372241 0.000178471 0.000182312 0.000287891 0.00133568 0.000550409 0.000160919 0.000916333 0.000154854 0.000654032 0.00014033 -5.27671e-06 -8.90452e-07 1.73211e-14 1.73151e-13 
-37.1698 -5.65093e-06 5.42031e-05 4.13992e-05 0.000287992 -2.50092e-06 2.95835e-05 3.19004e-05 -1.82767e-10 -7.34823e-05 -7.32611e-05 -2.27774e-06 5.30022e-05 0.000150254 0.000147874 6.34666e-05 0.00108903 0.000478015 0.000301501 0.000229466 0.000156046 4.94074e-05 8.22678e-05 0.000104033 7.86065e-05 0.000552819 0.000152881 3.25629e-05 3.17586e-05 5.04534e-05 0.000409852 0.000366103 9.01085e-05 2.97231e-05 0.000146796 0.000141043 0.000128474 0.000308887 0.000125754 0.000476851 3.22435e-05 0.000203659 0.00285825 0.000525479 0.000266371 0.000121411 0.000643107 0.000423849 0.000163674 0.000301565 0.000223069 0.000296615 0.000718186 0.000389387 0.000250238 0.000201514 0.000296347 0.0015529 0.00060881 0.000175279 0.00109056 0.000160361 0.000687363 0.000119347 -1.53943e-05 1.67223e-08 -4.50848e-15 -2.69014e-14 
-58.4492 2.14923e-05 0.000114153 0.000132094 0.000174649 -8.76054e-07 5.72061e-05 3.76232e-05 -4.95547e-10 -1.33603e-05 -8.1866e-05 -8.53601e-05 -3.53822e-05 0.000277148 0.000108606 0.000342643 0.00231407 0.000870692 0.00079822 0.000498354 0.00021839 0.000139676 0.000345295 0.000210492 0.000122562 0.000152881 0.00111009 9.63805e-05 8.32821e-05 0.000114064 0.000954228 0.000920078 0.000221463 6.83881e-05 0.000353234 0.000341843 0.000298006 0.000773579 0.000335897 0.00112681 7.95735e-05 0.000550142 0.00657697 0.00136017 0.00063752 0.000288374 0.00140337 0.000923458 0.000383614 0.000758633 0.00047899 0.000730953 0.0016993 0.000926854 0.000598226 0.000571371 0.000741576 0.00382709 0.00150237 0.000414395 0.00263538 0.000335308 0.00164919 0.00022854 -6.91469e-05 -2.83846e-06 -3.47244e-15 1.7512e-13 
-17.7956 8.61754e-06 5.63298e-05 -1.06787e-05 -7.02048e-05 2.20698e-07 3.01042e-05 8.56041e-06 -1.93188e-10 1.58284e-05 -3.16403e-05 -3.46795e-05 -1.71277e-05 7.49287e-05 4.21584e-05 8.21226e-05 0.000713482 0.000269844 0.000298693 0.0001785 7.47824e-05 6.10108e-05 0.000130937 6.14268e-05 6.45804e-05 3.25629e-05 9.63805e-05 0.000311462 3.06431e-05 4.65391e-05 0.00035937 0.000305304 8.64368e-05 2.23535e-05 0.000127148 0.000125857 0.000108934 0.000290287 0.000121144 0.000406391 2.36122e-05 0.000265115 0.00221436 0.000543588 0.00024382 0.000102915 0.000486142 0.000318668 0.000131047 0.000284777 0.000173656 0.000272302 0.000634985 0.000344424 0.000223311 0.000211853 0.000258577 0.00133589 0.000546044 0.000159616 0.000907021 0.000133731 0.0005653 7.60089e-05 -3.32142e-05 -2.05764e-06 -2.07024e-15 3.73174e-14 
-3.38651 3.68359e-06 2.60081e-05 -1.32654e-05 8.13499e-06 -7.42867e-07 1.2981e-05 -5.66085e-06 -1.86169e-10 6.41069e-06 -4.65308e-05 -4.16648e-05 -5.55021e-06 0.000101836 5.84206e-05 7.94636e-05 0.000721918 0.000357547 0.000144844 0.00011368 8.41549e-05 4.87845e-05 0.00011753 4.1709e-05 2.19291e-05 3.17586e-05 8.32821e-05 3.06431e-05 0.000189051 3.93855e-05 0.000260117 0.000294913 5.73804e-05 2.20717e-05 8.60473e-05 8.11487e-05 8.05788e-05 0.000211138 9.1485e-05 0.000336804 3.08707e-05 0.000169142 0.00188274 0.000385048 0.000190566 9.36163e-05 0.000395773 0.000272095 0.000101182 0.000220867 0.000138118 0.000208976 0.000496607 0.000292079 0.000176964 0.00017143 0.000207589 0.00116502 0.000464053 0.00012388 0.000812385 0.000110992 0.000564217 6.48552e-05 -2.5403e-05 -1.41573e-06 5.1839e-16 6.85693e-14 
-8.02977 7.93486e-06 2.37384e-05 -7.58158e-06 5.05322e-05 -2.08916e-07 7.77121e-06 -6.52485e-06 -1.42868e-10 1.98601e-05 -4.31922e-05 -1.51522e-05 3.25307e-05 0.000114726 7.73434e-05 8.9589e-05 0.000789629 0.000391974 0.000244902 0.000129838 9.24713e-05 6.40131e-05 0.000141004 8.27122e-05 4.11662e-05 5.04534e-05 0.000114064 4.65391e-05 3.93855e-05 0.000215793 0.000338211 0.000317193 9.90067e-05 2.68851e-05 0.000140715 0.000118239 9.9571e-05 0.000285529 0.000117874 0.000442449 3.10985e-05 0.000234712 0.00230671 0.000503769 0.000240061 0.000112437 0.0005152 0.000338612 0.000128945 0.000284647 0.000175589 0.000269354 0.000639791 0.000358091 0.000219379 0.000209281 0.000273697 0.00145745 0.000576569 0.00015939 0.0010264 0.000128264 0.000723978 0.000113086 -3.37826e-05 -1.73396e-06 -6.14685e-15 7.28644e-15 
-55.7376 5.47267e-05 0.000234122 0.00040162 -0.000106873 -3.49998e-06 0.000112122 -2.85536e-05 -2.18213e-09 8.42682e-05 -0.000510875 -0.000381068 -6.5592e-05 0.000909726 0.000391986 0.000350008 0.0058889 0.00268949 0.00205905 0.00135918 0.000715211 0.000446575 0.000986727 0.000551544 0.000355116 0.000409852 0.000954228 0.00035937 0.000260117 0.000338211 0.00439648 0.00296859 0.000699943 0.00023462 0.00108866 0.00101513 0.000916386 0.00237379 0.00104269 0.00347463 0.000244662 0.00183776 0.020211 0.00423296 0.00201301 0.00090411 0.00426443 0.00284085 0.00106834 0.00235819 0.00146215 0.00224648 0.00534388 0.00300701 0.00181365 0.00173881 0.0022669 0.0121428 0.00477517 0.00130145 0.00845011 0.00105 0.00553952 0.000725241 -0.000349267 -1.26503e-05 -2.73222e-14 3.1767e-13 
-3.66333 6.50653e-05 0.000239082 0.000390779 -7.06979e-05 -7.76903e-06 0.00014928 -0.000130339 -1.49959e-09 0.000100072 -0.000513322 -0.000587716 -0.000161866 0.000729953 0.000148772 -0.000357637 0.0045934 0.00237466 0.00210229 0.00115191 0.000688124 0.000401419 0.000941081 0.000540932 0.000326187 0.000366103 0.000920078 0.000305304 0.000294913 0.000317193 0.00296859 0.00420264 0.000673619 0.00021543 0.00108453 0.00106793 0.00089551 0.00239493 0.00102903 0.00348223 0.000218398 0.00181076 0.0196757 0.00421591 0.00197154 0.000885548 0.00415355 0.00279799 0.00106715 0.00235004 0.0014341 0.0022437 0.00520688 0.00290887 0.00177927 0.00173224 0.00223 0.0121199 0.00477087 0.00130336 0.00847542 0.00109898 0.00570152 0.000695512 -0.000409508 -1.83333e-05 3.6125e-15 2.43604e-13 
-3.9423 1.22555e-05 4.58025e-05 0.000129214 -8.34522e-05 -3.0281e-06 3.20593e-05 -3.25202e-05 -4.17679e-10 3.21827e-06 -0.000170279 -0.000220731 -0.000102507 9.70315e-05 -1.10844e-05 -0.000183784 0.0010861 0.000489637 0.000424329 0.000268357 0.000150586 8.80785e-05 0.000255125 0.000150711 8.27957e-05 9.01085e-05 0.000221463 8.64368e-05 5.73804e-05 9.90067e-05 0.000699943 0.000673619 0.000530311 5.4202e-05 0.000296087 0.000269606 0.000223073 0.000614063 0.000254657 0.00091039 5.47974e-05 0.000451768 0.00465787 0.00101793 0.000493499 0.000224362 0.00101183 0.000696969 0.000272538 0.0005699 0.000359252 0.000553802 0.00126318 0.000721267 0.000432395 0.000418239 0.000531746 0.00294134 0.00114745 0.000305064 0.00205527 0.000263146 0.00139852 0.000175771 -0.000115739 -4.16734e-06 4.42456e-15 8.87456e-14 
-2.59353 6.66203e-06 1.72904e-05 3.11751e-05 -6.1996e-05 1.9698e-07 1.16312e-05 -9.00858e-06 -1.62425e-10 1.0552e-05 -5.50217e-05 -6.41e-05 -2.87124e-05 2.40908e-05 -5.84428e-06 -8.19581e-05 0.000248621 0.000113396 0.000143247 9.25596e-05 4.41091e-05 2.65634e-05 6.28486e-05 5.75095e-05 3.61168e-05 2.97231e-05 6.83881e-05 2.23535e-05 2.20717e-05 2.68851e-05 0.00023462 0.00021543 5.4202e-05 0.000146922 0.000102448 8.99074e-05 5.70663e-05 0.000195081 7.98638e-05 0.000289967 2.23089e-05 0.000144584 0.0014661 0.000328472 0.000151637 6.09788e-05 0.000316531 0.000212334 8.16398e-05 0.00019049 0.000112273 0.000177604 0.000412473 0.000224128 0.000136388 0.000132145 0.000169332 0.000921447 0.000357046 9.53555e-05 0.000630117 7.07946e-05 0.000410657 6.3096e-05 -4.0762e-05 -1.31381e-06 -1.01941e-16 -1.28865e-15 
11.1332 2.98709e-05 8.35562e-05 0.000161801 -0.000160744 -8.37513e-07 5.72575e-05 -8.97058e-05 -6.77865e-10 3.34768e-05 -0.000306775 -0.000352599 -0.000146895 0.000160097 -7.56382e-06 -0.000413538 0.00105776 0.000688261 0.000614003 0.000475524 0.000250609 0.000133421 0.000356048 0.000194197 0.000117123 0.000146796 0.000353234 0.000127148 8.60473e-05 0.000140715 0.00108866 0.00108453 0.000296087 0.000102448 0.000892989 0.000435444 0.000341297 0.000985486 0.000386072 0.00138572 9.18646e-05 0.00066466 0.00729558 0.00156414 0.000753233 0.000338425 0.0015828 0.0010665 0.000406981 0.00089648 0.000550805 0.00084676 0.00197696 0.00111651 0.000671777 0.000652854 0.000848066 0.00455957 0.00179737 0.000493731 0.00322738 0.000400233 0.0022335 0.000270694 -0.000204891 -6.45438e-06 -2.15804e-15 -1.79035e-15 
16.8898 2.88185e-05 7.43238e-05 0.000307347 -8.71624e-06 -1.68067e-06 4.96125e-05 -7.72764e-05 -7.08962e-10 -5.19697e-06 -0.000344295 -0.000367866 -0.000148713 0.000163398 -4.08923e-05 -0.000500839 0.000948639 0.000625946 0.000597502 0.000354905 0.000251368 0.000121958 0.000306651 0.000176767 0.000116062 0.000141043 0.000341843 0.000125857 8.11487e-05 0.000118239 0.00101513 0.00106793 0.000269606 8.99074e-05 0.000435444 0.000812154 0.000389685 0.000882068 0.000410317 0.00135221 8.74277e-05 0.00062333 0.00693983 0.00146579 0.000711504 0.000314826 0.0015016 0.0010074 0.000384938 0.000854956 0.000521126 0.000808491 0.001895 0.00107557 0.00064407 0.000631523 0.000818631 0.00435204 0.00171953 0.00047624 0.00310987 0.000396821 0.00209937 0.000261615 -0.000206258 -6.71094e-06 2.29864e-15 -1.40279e-14 
16.1149 3.54293e-05 0.000110063 0.000336539 -0.000113159 2.50773e-06 6.75791e-05 -8.3513e-06 -6.40124e-10 1.62094e-05 -0.000251946 -0.000285116 -0.000127363 0.00016141 -6.97634e-05 -0.000459575 0.000447544 0.000432595 0.000552952 0.000409933 0.000179678 0.0001049 0.000275839 0.000175127 0.000104055 0.000128474 0.000298006 0.000108934 8.05788e-05 9.9571e-05 0.000916386 0.00089551 0.000223073 5.70663e-05 0.000341297 0.000389685 0.000716258 0.000794979 0.000364095 0.00116988 7.43717e-05 0.000564707 0.00595781 0.00129196 0.000627684 0.000276406 0.00130591 0.000890465 0.000339589 0.000750035 0.000460388 0.000712224 0.00164993 0.000923034 0.000556589 0.000534413 0.00070442 0.003746 0.00146859 0.000409781 0.00262574 0.000322945 0.00173827 0.00020376 -0.000188852 -6.08063e-06 -4.05605e-15 -4.6532e-14 
58.9408 9.09699e-05 0.000428984 0.000357826 -0.00113945 7.13665e-06 0.000263229 -3.24697e-05 -1.66428e-09 0.000196577 -0.000566909 -0.000673192 -0.000389061 0.000288901 -0.000164825 -0.000958389 0.00123238 0.00117119 0.00125805 0.000841179 0.000480719 0.00030502 0.000794161 0.000433301 0.000234411 0.000308887 0.000773579 0.000290287 0.000211138 0.000285529 0.00237379 0.00239493 0.000614063 0.000195081 0.000985486 0.000882068 0.000794979 0.00309996 0.000854007 0.00297483 0.000202134 0.00144821 0.0152823 0.00326203 0.00160298 0.000731455 0.00337537 0.00229603 0.000880151 0.00189568 0.00119042 0.00181461 0.00427295 0.00240658 0.00146657 0.00139953 0.00181276 0.00979229 0.00383542 0.00103794 0.0068088 0.000823853 0.00452249 0.000570877 -0.000484659 -1.91275e-05 -3.44627e-14 -9.38986e-14 
17.6871 4.11372e-05 0.000142904 8.937e-05 -2.75015e-05 3.41178e-06 9.51637e-05 -8.69427e-05 -7.70156e-10 3.29067e-05 -0.000267029 -0.000255987 -0.000140486 0.000183683 -2.03149e-05 -0.000299426 0.000949703 0.000552912 0.000618657 0.00043682 0.000235631 0.000134003 0.000327261 0.000220333 0.000110537 0.000125754 0.000335897 0.000121144 9.1485e-05 0.000117874 0.00104269 0.00102903 0.000254657 7.98638e-05 0.000386072 0.000410317 0.000364095 0.000854007 0.000747897 0.0012684 8.10799e-05 0.000594496 0.0066067 0.00139246 0.000660729 0.000293603 0.00142585 0.00094615 0.000361011 0.000806983 0.000490803 0.000762505 0.00182489 0.00101459 0.000611494 0.000591699 0.000764004 0.0042228 0.00163535 0.00042246 0.00292595 0.000331185 0.00192276 0.000243461 -0.000185345 -6.32735e-06 -9.32647e-15 -3.79982e-16 
53.9771 0.000106979 0.00015971 0.000731691 -0.00037203 3.17691e-06 9.81843e-05 -0.000162811 -2.20196e-09 0.000140505 -0.000839096 -0.000661008 -0.000152795 0.000915877 0.000226966 -0.000295661 0.00490878 0.00259789 0.00214735 0.00145903 0.000860469 0.000503581 0.00120989 0.000695372 0.000363908 0.000476851 0.00112681 0.000406391 0.000336804 0.000442449 0.00347463 0.00348223 0.00091039 0.000289967 0.00138572 0.00135221 0.00116988 0.00297483 0.0012684 0.00572568 0.000263931 0.00219108 0.0227208 0.00469843 0.00227337 0.00106548 0.00487555 0.00329775 0.00125394 0.00272568 0.00168938 0.00262345 0.00613077 0.00351051 0.00210132 0.00202898 0.00267155 0.0144618 0.00570542 0.00153708 0.0103037 0.00127966 0.00711027 0.000965195 -0.00053039 -1.5297e-05 -3.84292e-14 1.00694e-13 
3.75968 6.43839e-06 -1.08657e-06 4.53477e-05 -1.09671e-05 7.11807e-07 -8.97118e-07 4.33524e-06 -1.66029e-10 1.07723e-05 -3.99915e-05 -1.78765e-05 1.75827e-05 8.56059e-05 4.09405e-05 3.87743e-05 0.000484269 0.000231249 0.000190644 8.83968e-05 7.51745e-05 4.02718e-05 7.03276e-05 4.26327e-05 3.35903e-05 3.22435e-05 7.95735e-05 2.36122e-05 3.08707e-05 3.10985e-05 0.000244662 0.000218398 5.47974e-05 2.23089e-05 9.18646e-05 8.74277e-05 7.43717e-05 0.000202134 8.10799e-05 0.000263931 0.000147534 0.000156506 0.00164716 0.000346346 0.000158703 7.35413e-05 0.000338424 0.000225849 8.27137e-05 0.000189352 0.000112252 0.000181277 0.000422904 0.000238641 0.000142834 0.000137904 0.000187721 0.000985488 0.000401238 0.000115344 0.00071181 9.85377e-05 0.000463228 7.54608e-05 -2.62829e-05 -3.55802e-07 -3.95234e-15 1.83328e-14 
24.3659 1.5898e-05 3.29379e-05 4.38657e-05 -0.000124968 -3.93623e-06 2.71714e-05 -3.03342e-05 -1.68453e-09 5.72819e-05 -0.000336225 -8.98704e-05 4.30475e-05 0.000826438 0.00036148 0.00074923 0.00521987 0.00230354 0.00143542 0.000862174 0.000608406 0.000312384 0.000686962 0.000361223 0.000243052 0.000203659 0.000550142 0.000265115 0.000169142 0.000234712 0.00183776 0.00181076 0.000451768 0.000144584 0.00066466 0.00062333 0.000564707 0.00144821 0.000594496 0.00219108 0.000156506 0.00262878 0.0131377 0.00284295 0.00122742 0.000540484 0.00252815 0.00170376 0.000630985 0.00143971 0.000844294 0.00135988 0.00328096 0.00187473 0.00113923 0.00112369 0.00143824 0.0079742 0.00320954 0.000881219 0.00575554 0.000779487 0.0040657 0.000581184 -0.000129444 -1.6912e-06 -1.46526e-14 5.25874e-13 
69.1105 8.34405e-05 3.98812e-05 0.00061859 0.00112874 -8.85633e-05 0.000126603 -0.000661693 -1.35253e-08 0.000659212 -0.00226209 0.000617182 0.0018823 0.00914288 0.00506943 0.00949697 0.0628477 0.0267469 0.0173992 0.0112523 0.00626889 0.00339654 0.00775285 0.00419669 0.00251605 0.00285825 0.00657697 0.00221436 0.00188274 0.00230671 0.020211 0.0196757 0.00465787 0.0014661 0.00729558 0.00693983 0.00595781 0.0152823 0.0066067 0.0227208 0.00164716 0.0131377 0.163134 0.0301079 0.013399 0.00578125 0.0276238 0.0188277 0.0067958 0.0154594 0.00939501 0.0148805 0.0358803 0.0203278 0.012181 0.0116773 0.0157511 0.0872776 0.0346458 0.00941574 0.0623008 0.00805877 0.0433409 0.00584794 -0.000993985 -2.768e-05 -1.23021e-13 4.68244e-12 
58.5207 1.91062e-05 5.69549e-05 0.000825998 0.000293139 -1.81043e-05 3.78056e-05 0.000399556 -1.95867e-09 0.000198293 -0.000317637 6.61317e-05 0.000560268 0.00146258 0.000938109 0.00117919 0.0114188 0.00581168 0.00325852 0.00197791 0.00124915 0.000681379 0.00162783 0.000775055 0.000532972 0.000525479 0.00136017 0.000543588 0.000385048 0.000503769 0.00423296 0.00421591 0.00101793 0.000328472 0.00156414 0.00146579 0.00129196 0.00326203 0.00139246 0.00469843 0.000346346 0.00284295 0.0301079 0.0100739 0.00284407 0.00119419 0.00570101 0.00389029 0.0013852 0.00329948 0.00194307 0.00313858 0.00746309 0.00426354 0.00258732 0.00256119 0.00323348 0.0179997 0.00722938 0.00198091 0.0130253 0.0016682 0.00904371 0.00124287 -0.000308869 -2.87996e-06 -2.74248e-15 5.48018e-13 
39.9967 1.32866e-05 0.000126007 0.000866921 -0.00070374 -4.26239e-06 4.09519e-05 0.000434867 -6.41032e-10 0.000307695 0.00024557 -0.000120395 0.000113183 0.000380973 0.000491915 0.000296927 0.00481658 0.00192962 0.00153614 0.000895868 0.000563492 0.000323923 0.000742441 0.000389303 0.0002015 0.000266371 0.00063752 0.00024382 0.000190566 0.000240061 0.00201301 0.00197154 0.000493499 0.000151637 0.000753233 0.000711504 0.000627684 0.00160298 0.000660729 0.00227337 0.000158703 0.00122742 0.013399 0.00284407 0.00355327 0.000637931 0.00270112 0.00187793 0.00067559 0.00152889 0.000901402 0.00145972 0.0033524 0.00199075 0.00131422 0.00117701 0.0015977 0.0084198 0.00319852 0.000931595 0.00602702 0.000746022 0.00399582 0.000558981 -0.000197677 -6.77361e-06 -2.84107e-14 2.61305e-14 
