*mcmc_objective[mcmc]
starting_covariance_matrix {m}
process[Recruitment].b0 selectivity[chatTANSel].mu selectivity[chatTANSel].sigma_l selectivity[chatTANSel].sigma_r selectivity[eastFSel].mu selectivity[eastFSel].sigma_l selectivity[eastFSel].sigma_r selectivity[westFSel].mu selectivity[westFSel].sigma_l selectivity[westFSel].sigma_r process[Recruitment].ycs_values{1975} process[Recruitment].ycs_values{1976} process[Recruitment].ycs_values{1977} process[Recruitment].ycs_values{1978} process[Recruitment].ycs_values{1979} process[Recruitment].ycs_values{1980} process[Recruitment].ycs_values{1981} process[Recruitment].ycs_values{1982} process[Recruitment].ycs_values{1983} process[Recruitment].ycs_values{1984} process[Recruitment].ycs_values{1985} process[Recruitment].ycs_values{1986} process[Recruitment].ycs_values{1987} process[Recruitment].ycs_values{1988} process[Recruitment].ycs_values{1989} process[Recruitment].ycs_values{1990} process[Recruitment].ycs_values{1991} process[Recruitment].ycs_values{1992} process[Recruitment].ycs_values{1993} process[Recruitment].ycs_values{1994} process[Recruitment].ycs_values{1995} process[Recruitment].ycs_values{1996} process[Recruitment].ycs_values{1997} process[Recruitment].ycs_values{1998} process[Recruitment].ycs_values{1999} process[Recruitment].ycs_values{2000} process[Recruitment].ycs_values{2001} process[Recruitment].ycs_values{2002} process[Recruitment].ycs_values{2003} process[Recruitment].ycs_values{2004} process[Recruitment].ycs_values{2005} process[Recruitment].ycs_values{2006} process[Recruitment].ycs_values{2007} process[Recruitment].ycs_values{2008} process[Recruitment].ycs_values{2009} process[Recruitment].ycs_values{2010} process[Recruitment].ycs_values{2011}
1.63369e+008 -4794.62 -1129.2 -13556.2 -10107.2 -5034.7 3527.96 -1386.48 35.5263 -5279.46 60.7237 136.806 141.474 90.5749 48.5019 26.9038 -31.7383 -72.2436 -80.1366 -434.317 -261.862 -488.729 -243.179 -296.185 -789.313 -425.478 -1282.23 -841.974 -529.707 -605.718 -536.56 -282.691 -301.889 -229.534 -276.676 -57.7168 -377.958 -424.786 -321.08 -191.015 45.7375 -268.385 -206.196 -18.3474 -300.821 -0.00117665 0.000306257
-4794.62 0.885492 0.597241 -0.549516 0.623338 0.32934 -0.535416 0.0321155 -0.0654601 0.0980964 -0.000510914 -0.00264915 -0.00234854 0.00128516 0.00246998 0.0024892 0.00317089 0.00371869 0.00421107 0.0163922 0.0145672 0.0225772 0.00836118 0.00621265 0.0456963 0.00240024 0.058853 0.0343646 0.0168103 0.0292723 0.0279896 0.0147331 0.0172421 0.0138358 0.0158021 0.00380364 0.0283372 0.0371667 0.0337149 0.0233464 -2.2759e-005 0.0263765 0.0211669 0.00290893 0.0230037 9.52909e-008 -4.51022e-008
-1129.2 0.597241 0.639391 -0.309321 0.467152 0.25986 -0.517058 -0.0481895 -0.10234 -0.0281065 0.00440842 0.00928246 0.0127969 0.0179315 0.0227017 0.0236745 0.0226582 0.0222909 0.0235231 0.0130242 0.0152802 0.0172803 0.00327816 0.000220199 0.0339909 -0.00819734 0.0405406 0.0246498 0.0094998 0.0212201 0.0201149 0.00983071 0.0108698 0.0099239 0.0110197 0.00230001 0.0202844 0.0223567 0.0239471 0.011065 -0.00410214 0.0123467 0.00818518 -0.00881002 0.00785082 8.61309e-008 -4.57917e-008
-13556.2 -0.549516 -0.309321 8.73141 1.85696 1.01029 -1.01392 -0.227051 -0.450833 0.710615 -0.00167084 -0.00541808 0.000319736 0.0188808 0.035078 0.0413254 0.0453149 0.050672 0.0557759 0.0790802 0.0487341 0.0629874 0.0232471 0.0241247 0.138623 0.0488023 0.208405 0.149091 0.0915677 0.106379 0.103162 0.056679 0.0548181 0.046903 0.0657559 0.010102 0.0880678 0.135045 0.0928081 0.0544461 -0.00183231 0.0639575 0.0495308 0.012501 0.0569068 2.97971e-007 -1.75879e-007
-10107.2 0.623338 0.467152 1.85696 3.07579 1.43818 -3.00013 -0.256908 -0.551102 0.260483 0.0131119 0.0176382 0.0312922 0.0530591 0.0703866 0.0681699 0.0696631 0.0704289 0.0696211 0.0515868 0.042923 0.0593972 0.00452895 -0.00664834 0.153593 -0.0103188 0.180469 0.116854 0.047648 0.0886124 0.0916856 0.0457507 0.0501951 0.0465351 0.0522594 -0.00230993 0.0936076 0.094726 0.0819162 0.0520954 -0.0144361 0.0741349 0.0614226 0.00389597 0.0735891 3.85032e-007 -2.11989e-007
-5034.7 0.32934 0.25986 1.01029 1.43818 1.05073 -1.68919 -0.157625 -0.321959 0.119069 0.00808449 0.0109919 0.0188374 0.0306795 0.0406881 0.0389468 0.0399812 0.0405595 0.0399283 0.0276723 0.0238356 0.0321286 0.00142436 -0.00579706 0.0867574 -0.00889947 0.0991826 0.0650513 0.0249501 0.048891 0.0507773 0.0249044 0.0274384 0.0258712 0.027898 -0.00350965 0.0520236 0.0483946 0.0425862 0.0280372 -0.0086835 0.040918 0.03398 0.00219499 0.0392616 2.18882e-007 -1.20311e-007
3527.96 -0.535416 -0.517058 -1.01392 -3.00013 -1.68919 4.64487 0.385314 0.643908 -0.0159864 -0.0209707 -0.0317902 -0.0501607 -0.0784692 -0.0958182 -0.0948249 -0.093531 -0.0909601 -0.0881786 -0.04199 -0.0385555 -0.0537176 0.00480152 0.0264691 -0.142566 0.0308443 -0.1428 -0.0877852 -0.0239884 -0.0617662 -0.0735356 -0.0347442 -0.0367783 -0.0402457 -0.0364558 0.00514015 -0.0810746 -0.0704075 -0.0686884 -0.042024 0.0213815 -0.0661274 -0.0481684 0.00233024 -0.0720071 -3.90678e-007 2.14685e-007
-1386.48 0.0321155 -0.0481895 -0.227051 -0.256908 -0.157625 0.385314 1.10353 0.906331 -0.90699 -0.00447898 -0.00750254 -0.0115968 -0.0162116 -0.0199725 -0.0199531 -0.0198908 -0.0200185 -0.0198992 -0.0115754 -0.00955674 -0.00361263 0.00647043 0.00945005 -0.029127 0.0129657 -0.035053 -0.0115048 0.00525337 -0.00094059 -0.00687537 0.00217002 -0.000832068 -0.00305231 -0.00175364 0.00339936 -0.0113244 -0.00944879 -0.0033036 0.00949885 0.00492797 -0.00151064 -0.00544448 0.00468891 -0.00951401 -5.9304e-008 4.49948e-008
35.5263 -0.0654601 -0.10234 -0.450833 -0.551102 -0.321959 0.643908 0.906331 1.16308 -0.81849 -0.00519944 -0.00808304 -0.0132748 -0.0203995 -0.0254451 -0.0251501 -0.0250216 -0.0246791 -0.0238989 -0.0167162 -0.0142486 -0.00838877 0.00701301 0.00878288 -0.0476529 0.0177341 -0.0554316 -0.0223124 0.00114578 -0.0112294 -0.0193592 -0.00303529 -0.00813194 -0.00915192 -0.00867651 0.00376299 -0.0234597 -0.0228718 -0.013269 0.0011538 0.00437557 -0.0139377 -0.017694 9.18796e-006 -0.0210719 -1.06806e-007 7.09759e-008
-5279.46 0.0980964 -0.0281065 0.710615 0.260483 0.119069 -0.0159864 -0.90699 -0.81849 2.13487 -0.00609113 -0.0113328 -0.0141137 -0.0152986 -0.0150191 -0.0153981 -0.0131184 -0.0108176 -0.00898662 0.0180862 0.00707632 0.0122563 0.00469776 0.00612469 0.0342966 0.0108625 0.0569249 0.0340037 0.0161701 0.0190954 0.0161834 0.00624448 0.0082577 0.00648943 0.0113114 0.00261217 0.0163748 0.028433 0.0161534 0.00336148 0.00178294 0.00861878 0.0117932 0.000379253 0.0131002 2.32635e-008 -1.85006e-008
60.7237 -0.000510914 0.00440842 -0.00167084 0.0131119 0.00808449 -0.0209707 -0.00447898 -0.00519944 -0.00609113 0.009999 0.00483413 0.00449821 0.00415104 0.00415176 0.00375951 0.00340512 0.00331679 0.00280298 0.000507408 0.000733577 0.00129391 0.00053212 0.000499998 0.00151921 0.000666861 0.00253533 0.00150183 0.00122302 0.00115473 0.00112231 0.000676367 0.000635723 0.000535468 0.000572338 0.000191318 0.000772637 0.00140765 0.000814473 0.000704926 -5.04365e-005 0.000646168 8.92888e-005 -0.000258271 0.000252002 2.94495e-009 -1.52289e-009
136.806 -0.00264915 0.00928246 -0.00541808 0.0176382 0.0109919 -0.0317902 -0.00750254 -0.00808304 -0.0113328 0.00483413 0.0101223 0.00910233 0.00838957 0.00791575 0.00702542 0.00648494 0.00602705 0.00543972 0.000206825 0.00169539 0.00216391 0.000731897 0.000753632 0.00233431 0.00105135 0.00420258 0.00242608 0.00188959 0.00196435 0.00197255 0.00102037 0.00112326 0.00100085 0.000836404 0.000294455 0.00125882 0.00227118 0.00123231 0.000762207 -0.000291406 0.00066856 0.00016456 -0.000453769 -0.00025146 4.42649e-009 -2.26404e-009
141.474 -0.00234854 0.0127969 0.000319736 0.0312922 0.0188374 -0.0501607 -0.0115968 -0.0132748 -0.0141137 0.00449821 0.00910233 0.0148833 0.0133684 0.0120892 0.011046 0.0101167 0.00938947 0.00902811 0.000464262 0.00290872 0.00303175 0.000980242 0.00110802 0.00409822 0.0015475 0.00693768 0.00417397 0.00279923 0.00331168 0.00316957 0.00155921 0.00172642 0.00150751 0.00157702 0.000347474 0.00221336 0.00398818 0.00237613 0.00124964 -0.000475995 0.00116744 0.000714971 -0.000398322 0.000224796 7.46907e-009 -3.94133e-009
90.5749 0.00128516 0.0179315 0.0188808 0.0530591 0.0306795 -0.0784692 -0.0162116 -0.0203995 -0.0152986 0.00415104 0.00838957 0.0133684 0.0187619 0.0165022 0.0153021 0.013861 0.0132044 0.012572 0.000922778 0.00453592 0.00423038 0.00149472 0.00155774 0.00640422 0.0022064 0.010184 0.00622142 0.00412337 0.00489909 0.00482996 0.00238004 0.00250384 0.00219271 0.00261122 0.000604831 0.00362915 0.00617952 0.00379549 0.00231397 -0.000674022 0.00207808 0.00126044 -0.000268613 0.000590772 1.1921e-008 -6.6765e-009
48.5019 0.00246998 0.0227017 0.035078 0.0703866 0.0406881 -0.0958182 -0.0199725 -0.0254451 -0.0150191 0.00415176 0.00791575 0.0120892 0.0165022 0.0226791 0.0184923 0.0175189 0.0164103 0.0159744 0.00090126 0.00603906 0.00504204 0.00200926 0.00208233 0.00811243 0.00297049 0.0130569 0.00812412 0.00542193 0.00636004 0.00607908 0.00313526 0.00320788 0.00280705 0.00345248 0.000760745 0.00465443 0.00802221 0.00500413 0.0032171 -0.000582443 0.0029491 0.00179969 -0.000153836 0.000955215 1.52668e-008 -8.66012e-009
26.9038 0.0024892 0.0236745 0.0413254 0.0681699 0.0389468 -0.0948249 -0.0199531 -0.0251501 -0.0153981 0.00375951 0.00702542 0.011046 0.0153021 0.0184923 0.0235601 0.0193085 0.0190147 0.0183359 -4.1809e-005 0.0062563 0.00565402 0.00214796 0.00238803 0.00857976 0.00323054 0.0139696 0.00864024 0.00577554 0.00674917 0.00653851 0.00340745 0.0035793 0.00296031 0.00352845 0.000943906 0.00480393 0.00819169 0.00517637 0.00329018 -0.000643322 0.00294378 0.00192932 -0.000371939 0.000860569 1.49954e-008 -8.34781e-009
-31.7383 0.00317089 0.0226582 0.0453149 0.0696631 0.0399812 -0.093531 -0.0198908 -0.0250216 -0.0131184 0.00340512 0.00648494 0.0101167 0.013861 0.0175189 0.0193085 0.0247253 0.0205698 0.0212588 -0.000983501 0.00642933 0.00598431 0.00231234 0.00282251 0.00886321 0.00382119 0.0147609 0.0092193 0.00624666 0.00719164 0.00692794 0.00365287 0.00379037 0.00299112 0.00369571 0.000917255 0.00492267 0.00880526 0.00532908 0.00344623 -0.000548003 0.00312796 0.00206164 1.5714e-005 0.000959917 1.48889e-008 -7.92538e-009
-72.2436 0.00371869 0.0222909 0.050672 0.0704289 0.0405595 -0.0909601 -0.0200185 -0.0246791 -0.0108176 0.00331679 0.00602705 0.00938947 0.0132044 0.0164103 0.0190147 0.0205698 0.0267385 0.0224953 -0.00267948 0.00719611 0.00600072 0.00243821 0.00324048 0.00909225 0.0041817 0.0153603 0.00975649 0.00665901 0.00765456 0.00720482 0.00380266 0.00390224 0.00299804 0.00405824 0.00101959 0.00509146 0.0095573 0.00564609 0.00371451 -0.00036938 0.00331569 0.00220666 0.000165476 0.00105196 1.48182e-008 -7.88257e-009
-80.1366 0.00421107 0.0235231 0.0557759 0.0696211 0.0399283 -0.0881786 -0.0198992 -0.0238989 -0.00898662 0.00280298 0.00543972 0.00902811 0.012572 0.0159744 0.0183359 0.0212588 0.0224953 0.0295711 -0.00473196 0.00838318 0.00583641 0.00253588 0.00336582 0.00917081 0.00433759 0.0155263 0.00996086 0.00696533 0.00783097 0.00741857 0.00390346 0.00386476 0.0030734 0.00429224 0.00134416 0.00526313 0.00982771 0.00594341 0.00391716 -0.000213237 0.00330915 0.00217713 0.000112061 0.000898655 1.45529e-008 -7.95124e-009
-434.317 0.0163922 0.0130242 0.0790802 0.0515868 0.0276723 -0.04199 -0.0115754 -0.0167162 0.0180862 0.000507408 0.000206825 0.000464262 0.000922778 0.00090126 -4.1809e-005 -0.000983501 -0.00267948 -0.00473196 0.0766346 -0.0348635 0.0140217 0.000881662 0.00391207 0.00557282 0.00499407 0.010619 0.00761147 0.00492161 0.00571237 0.00491772 0.00274059 0.00286126 0.00204968 0.00298572 0.000602402 0.0035836 0.00695796 0.00404288 0.00264987 6.31153e-005 0.00263096 0.00203663 0.000241656 0.00149565 8.38749e-009 -4.59266e-009
-261.862 0.0145672 0.0152802 0.0487341 0.042923 0.0238356 -0.0385555 -0.00955674 -0.0142486 0.00707632 0.000733577 0.00169539 0.00290872 0.00453592 0.00603906 0.0062563 0.00642933 0.00719611 0.00838318 -0.0348635 0.0664461 -0.0214233 0.00584167 0.00190808 0.00532254 0.00352151 0.00911147 0.00699607 0.00392239 0.00481548 0.0044379 0.00229554 0.00215166 0.00200814 0.00229274 0.00102831 0.00349017 0.00545911 0.00460785 0.00185006 0.000247383 0.0023333 0.00225964 -0.000345591 0.001433 8.40943e-009 -4.81026e-009
-488.729 0.0225772 0.0172803 0.0629874 0.0593972 0.0321286 -0.0537176 -0.00361263 -0.00838877 0.0122563 0.00129391 0.00216391 0.00303175 0.00423038 0.00504204 0.00565402 0.00598431 0.00600072 0.00583641 0.0140217 -0.0214233 0.043139 -0.00853753 0.003806 0.00747011 0.00310939 0.0117876 0.00720732 0.00552356 0.00580952 0.00553786 0.0030264 0.00316268 0.00247711 0.00313651 0.00130739 0.00407493 0.00761733 0.00447791 0.00355435 -0.00016787 0.00329491 0.00187984 0.000651393 0.00199897 1.01092e-008 -4.5352e-009
-243.179 0.00836118 0.00327816 0.0232471 0.00452895 0.00142436 0.00480152 0.00647043 0.00701301 0.00469776 0.00053212 0.000731897 0.000980242 0.00149472 0.00200926 0.00214796 0.00231234 0.00243821 0.00253588 0.000881662 0.00584167 -0.00853753 0.0236452 -0.00635332 0.00352691 0.00263175 0.00477626 0.00314089 0.00312282 0.00250347 0.00221842 0.00120711 0.00129589 0.000793502 0.00139983 0.000767992 0.00120668 0.0035518 0.00128184 0.00139286 0.000240241 0.000902112 -0.000156791 0.000528922 5.91321e-005 -1.17489e-010 4.16607e-010
-296.185 0.00621265 0.000220199 0.0241247 -0.00664834 -0.00579706 0.0264691 0.00945005 0.00878288 0.00612469 0.000499998 0.000753632 0.00110802 0.00155774 0.00208233 0.00238803 0.00282251 0.00324048 0.00336582 0.00391207 0.00190808 0.003806 -0.00635332 0.0291617 -0.00757804 0.00657748 0.00599144 0.00465333 0.00360709 0.00387355 0.00302637 0.0016706 0.00195016 0.00104903 0.0020929 0.000829095 0.00202145 0.0046477 0.0022235 0.00174389 0.000729699 0.00103917 0.00197624 4.73287e-005 -0.000206361 -2.47912e-009 2.00924e-009
-789.313 0.0456963 0.0339909 0.138623 0.153593 0.0867574 -0.142566 -0.029127 -0.0476529 0.0342966 0.00151921 0.00233431 0.00409822 0.00640422 0.00811243 0.00857976 0.00886321 0.00909225 0.00917081 0.00557282 0.00532254 0.00747011 0.00352691 -0.00757804 0.0353177 -0.00752542 0.0209357 0.0110069 0.00695047 0.0087404 0.0087573 0.00467027 0.00465514 0.00408737 0.0046355 0.00107092 0.00725236 0.0110272 0.00805039 0.00530589 -0.000282895 0.0060853 0.00393997 0.00156875 0.0046961 2.70629e-008 -1.49887e-008
-425.478 0.00240024 -0.00819734 0.0488023 -0.0103188 -0.00889947 0.0308443 0.0129657 0.0177341 0.0108625 0.000666861 0.00105135 0.0015475 0.0022064 0.00297049 0.00323054 0.00382119 0.0041817 0.00433759 0.00499407 0.00352151 0.00310939 0.00263175 0.00657748 -0.00752542 0.0382623 -0.00399541 0.00914011 0.00582201 0.00491333 0.00406597 0.00272184 0.00219532 0.00170387 0.00212107 0.00150935 0.00189446 0.00574577 0.00314825 0.00281015 0.00077865 0.0015043 0.00136401 7.95964e-005 -3.59416e-005 -3.62023e-009 2.39498e-009
-1282.23 0.058853 0.0405406 0.208405 0.180469 0.0991826 -0.1428 -0.035053 -0.0554316 0.0569249 0.00253533 0.00420258 0.00693768 0.010184 0.0130569 0.0139696 0.0147609 0.0153603 0.0155263 0.010619 0.00911147 0.0117876 0.00477626 0.00599144 0.0209357 -0.00399541 0.0639479 0.00893367 0.0151415 0.0149358 0.0144482 0.00782308 0.00795898 0.00624446 0.00826819 0.0020693 0.0110378 0.0187556 0.0125213 0.00842694 7.5402e-005 0.00888256 0.00678026 0.00190803 0.0055086 3.22682e-008 -1.8084e-008
-841.974 0.0343646 0.0246498 0.149091 0.116854 0.0650513 -0.0877852 -0.0115048 -0.0223124 0.0340037 0.00150183 0.00242608 0.00417397 0.00622142 0.00812412 0.00864024 0.0092193 0.00975649 0.00996086 0.00761147 0.00699607 0.00720732 0.00314089 0.00465333 0.0110069 0.00914011 0.00893367 0.0401054 0.000746588 0.0119281 0.0096837 0.00522211 0.00556363 0.0042143 0.00544781 0.00169383 0.00700845 0.0126942 0.00838939 0.00517511 0.000447049 0.00556255 0.00421673 0.000856475 0.00348893 1.92418e-008 -1.06169e-008
-529.707 0.0168103 0.0094998 0.0915677 0.047648 0.0249501 -0.0239884 0.00525337 0.00114578 0.0161701 0.00122302 0.00188959 0.00279923 0.00412337 0.00542193 0.00577554 0.00624666 0.00665901 0.00696533 0.00492161 0.00392239 0.00552356 0.00312282 0.00360709 0.00695047 0.00582201 0.0151415 0.000746588 0.0261384 0.00150103 0.00694682 0.00368085 0.00368121 0.00304395 0.00361638 0.00151965 0.00432792 0.0085971 0.00531274 0.00417504 0.000351921 0.00345884 0.00230037 0.000921653 0.00134277 7.23845e-009 -3.22978e-009
-605.718 0.0292723 0.0212201 0.106379 0.0886124 0.048891 -0.0617662 -0.00094059 -0.0112294 0.0190954 0.00115473 0.00196435 0.00331168 0.00489909 0.00636004 0.00674917 0.00719164 0.00765456 0.00783097 0.00571237 0.00481548 0.00580952 0.00250347 0.00387355 0.0087404 0.00491333 0.0149358 0.0119281 0.00150103 0.0224704 0.00391371 0.00430959 0.00442906 0.00334701 0.00472529 0.00122222 0.00565953 0.0105434 0.00671177 0.00437038 0.0003216 0.00430572 0.00351685 0.00104699 0.00280918 1.43756e-008 -7.48319e-009
-536.56 0.0279896 0.0201149 0.103162 0.0916856 0.0507773 -0.0735356 -0.00687537 -0.0193592 0.0161834 0.00112231 0.00197255 0.00316957 0.00482996 0.00607908 0.00653851 0.00692794 0.00720482 0.00741857 0.00491772 0.0044379 0.00553786 0.00221842 0.00302637 0.0087573 0.00406597 0.0144482 0.0096837 0.00694682 0.00391371 0.017304 0.00139379 0.00422677 0.00314011 0.0040927 0.00123106 0.0056703 0.00951351 0.00631235 0.00427335 9.52638e-005 0.00457225 0.00357154 0.000777827 0.00297142 1.54815e-008 -8.52663e-009
-282.691 0.0147331 0.00983071 0.056679 0.0457507 0.0249044 -0.0347442 0.00217002 -0.00303529 0.00624448 0.000676367 0.00102037 0.00155921 0.00238004 0.00313526 0.00340745 0.00365287 0.00380266 0.00390346 0.00274059 0.00229554 0.0030264 0.00120711 0.0016706 0.00467027 0.00272184 0.00782308 0.00522211 0.00368085 0.00430959 0.00139379 0.009999 0.000224545 0.00193884 0.0021842 0.000794073 0.00290179 0.00514681 0.00366605 0.00273161 0.000312047 0.00248756 0.00186558 0.000688433 0.00147876 7.31559e-009 -3.84453e-009
-301.889 0.0172421 0.0108698 0.0548181 0.0501951 0.0274384 -0.0367783 -0.000832068 -0.00813194 0.0082577 0.000635723 0.00112326 0.00172642 0.00250384 0.00320788 0.0035793 0.00379037 0.00390224 0.00386476 0.00286126 0.00215166 0.00316268 0.00129589 0.00195016 0.00465514 0.00219532 0.00795898 0.00556363 0.00368121 0.00442906 0.00422677 0.000224545 0.009999 2.2975e-005 0.00269651 0.000568383 0.00312627 0.00574723 0.00361522 0.00246805 0.000155024 0.00265517 0.00223971 0.000658529 0.00186737 8.25622e-009 -4.44516e-009
-229.534 0.0138358 0.0099239 0.046903 0.0465351 0.0258712 -0.0402457 -0.00305231 -0.00915192 0.00648943 0.000535468 0.00100085 0.00150751 0.00219271 0.00280705 0.00296031 0.00299112 0.00299804 0.0030734 0.00204968 0.00200814 0.00247711 0.000793502 0.00104903 0.00408737 0.00170387 0.00624446 0.0042143 0.00304395 0.00334701 0.00314011 0.00193884 2.2975e-005 0.009999 -0.000462457 0.000982306 0.00261764 0.00437642 0.00303076 0.00216457 3.66512e-005 0.00217881 0.00161851 0.000459169 0.00176991 7.53504e-009 -4.03172e-009
-276.676 0.0158021 0.0110197 0.0657559 0.0522594 0.027898 -0.0364558 -0.00175364 -0.00867651 0.0113114 0.000572338 0.000836404 0.00157702 0.00261122 0.00345248 0.00352845 0.00369571 0.00405824 0.00429224 0.00298572 0.00229274 0.00313651 0.00139983 0.0020929 0.0046355 0.00212107 0.00826819 0.00544781 0.00361638 0.00472529 0.0040927 0.0021842 0.00269651 -0.000462457 0.0117179 -0.0016166 0.00407667 0.00686415 0.00421453 0.00297154 0.000400092 0.00276863 0.00247048 0.000847498 0.00177332 8.06067e-009 -4.11494e-009
-57.7168 0.00380364 0.00230001 0.010102 -0.00230993 -0.00350965 0.00514015 0.00339936 0.00376299 0.00261217 0.000191318 0.000294455 0.000347474 0.000604831 0.000760745 0.000943906 0.000917255 0.00101959 0.00134416 0.000602402 0.00102831 0.00130739 0.000767992 0.000829095 0.00107092 0.00150935 0.0020693 0.00169383 0.00151965 0.00122222 0.00123106 0.000794073 0.000568383 0.000982306 -0.0016166 0.009999 -0.00201195 0.00319542 0.00154779 0.00105274 0.000431352 0.000829378 0.00032358 0.000292762 0.000391281 -8.45639e-010 1.01914e-009
-377.958 0.0283372 0.0202844 0.0880678 0.0936076 0.0520236 -0.0810746 -0.0113244 -0.0234597 0.0163748 0.000772637 0.00125882 0.00221336 0.00362915 0.00465443 0.00480393 0.00492267 0.00509146 0.00526313 0.0035836 0.00349017 0.00407493 0.00120668 0.00202145 0.00725236 0.00189446 0.0110378 0.00700845 0.00432792 0.00565953 0.0056703 0.00290179 0.00312627 0.00261764 0.00407667 -0.00201195 0.0172623 0.00375131 0.006784 0.00417046 0.000198647 0.00423168 0.00371764 0.00112229 0.00328665 1.57561e-008 -8.62334e-009
-424.786 0.0371667 0.0223567 0.135045 0.094726 0.0483946 -0.0704075 -0.00944879 -0.0228718 0.028433 0.00140765 0.00227118 0.00398818 0.00617952 0.00802221 0.00819169 0.00880526 0.0095573 0.00982771 0.00695796 0.00545911 0.00761733 0.0035518 0.0046477 0.0110272 0.00574577 0.0187556 0.0126942 0.0085971 0.0105434 0.00951351 0.00514681 0.00574723 0.00437642 0.00686415 0.00319542 0.00375131 0.0465849 0.00569689 0.00989517 0.00176838 0.00824485 0.00645155 0.002998 0.00456295 1.65995e-008 -7.94253e-009
-321.08 0.0337149 0.0239471 0.0928081 0.0819162 0.0425862 -0.0686884 -0.0033036 -0.013269 0.0161534 0.000814473 0.00123231 0.00237613 0.00379549 0.00500413 0.00517637 0.00532908 0.00564609 0.00594341 0.00404288 0.00460785 0.00447791 0.00128184 0.0022235 0.00805039 0.00314825 0.0125213 0.00838939 0.00531274 0.00671177 0.00631235 0.00366605 0.00361522 0.00303076 0.00421453 0.00154779 0.006784 0.00569689 0.029428 0.00151603 0.00189498 0.00576113 0.00472396 0.00230072 0.00418732 1.55976e-008 -8.08072e-009
-191.015 0.0233464 0.011065 0.0544461 0.0520954 0.0280372 -0.042024 0.00949885 0.0011538 0.00336148 0.000704926 0.000762207 0.00124964 0.00231397 0.0032171 0.00329018 0.00344623 0.00371451 0.00391716 0.00264987 0.00185006 0.00355435 0.00139286 0.00174389 0.00530589 0.00281015 0.00842694 0.00517511 0.00417504 0.00437038 0.00427335 0.00273161 0.00246805 0.00216457 0.00297154 0.00105274 0.00417046 0.00989517 0.00151603 0.0220455 -0.00126317 0.00499709 0.00377642 0.00230058 0.00229153 8.42265e-009 -4.06357e-009
45.7375 -2.2759e-005 -0.00410214 -0.00183231 -0.0144361 -0.0086835 0.0213815 0.00492797 0.00437557 0.00178294 -5.04365e-005 -0.000291406 -0.000475995 -0.000674022 -0.000582443 -0.000643322 -0.000548003 -0.00036938 -0.000213237 6.31153e-005 0.000247383 -0.00016787 0.000240241 0.000729699 -0.000282895 0.00077865 7.5402e-005 0.000447049 0.000351921 0.0003216 9.52638e-005 0.000312047 0.000155024 3.66512e-005 0.000400092 0.000431352 0.000198647 0.00176838 0.00189498 -0.00126317 0.009999 -0.000655777 0.00115972 0.00100084 0.000176505 -3.12488e-009 2.05985e-009
-268.385 0.0263765 0.0123467 0.0639575 0.0741349 0.040918 -0.0661274 -0.00151064 -0.0139377 0.00861878 0.000646168 0.00066856 0.00116744 0.00207808 0.0029491 0.00294378 0.00312796 0.00331569 0.00330915 0.00263096 0.0023333 0.00329491 0.000902112 0.00103917 0.0060853 0.0015043 0.00888256 0.00556255 0.00345884 0.00430572 0.00457225 0.00248756 0.00265517 0.00217881 0.00276863 0.000829378 0.00423168 0.00824485 0.00576113 0.00499709 -0.000655777 0.0177631 0.00196827 0.00231688 0.00353918 1.27025e-008 -6.61711e-009
-206.196 0.0211669 0.00818518 0.0495308 0.0614226 0.03398 -0.0481684 -0.00544448 -0.017694 0.0117932 8.92888e-005 0.00016456 0.000714971 0.00126044 0.00179969 0.00192932 0.00206164 0.00220666 0.00217713 0.00203663 0.00225964 0.00187984 -0.000156791 0.00197624 0.00393997 0.00136401 0.00678026 0.00421673 0.00230037 0.00351685 0.00357154 0.00186558 0.00223971 0.00161851 0.00247048 0.00032358 0.00371764 0.00645155 0.00472396 0.00377642 0.00115972 0.00196827 0.0202118 0.000878114 0.00343737 1.03115e-008 -6.05944e-009
-18.3474 0.00290893 -0.00881002 0.012501 0.00389597 0.00219499 0.00233024 0.00468891 9.18796e-006 0.000379253 -0.000258271 -0.000453769 -0.000398322 -0.000268613 -0.000153836 -0.000371939 1.5714e-005 0.000165476 0.000112061 0.000241656 -0.000345591 0.000651393 0.000528922 4.73287e-005 0.00156875 7.95964e-005 0.00190803 0.000856475 0.000921653 0.00104699 0.000777827 0.000688433 0.000658529 0.000459169 0.000847498 0.000292762 0.00112229 0.002998 0.00230072 0.00230058 0.00100084 0.00231688 0.000878114 0.0212769 0.000824867 2.96605e-010 -8.17213e-011
-300.821 0.0230037 0.00785082 0.0569068 0.0735891 0.0392616 -0.0720071 -0.00951401 -0.0210719 0.0131002 0.000252002 -0.00025146 0.000224796 0.000590772 0.000955215 0.000860569 0.000959917 0.00105196 0.000898655 0.00149565 0.001433 0.00199897 5.91321e-005 -0.000206361 0.0046961 -3.59416e-005 0.0055086 0.00348893 0.00134277 0.00280918 0.00297142 0.00147876 0.00186737 0.00176991 0.00177332 0.000391281 0.00328665 0.00456295 0.00418732 0.00229153 0.000176505 0.00353918 0.00343737 0.000824867 0.0503084 1.37367e-008 -6.3146e-009
-0.00117665 9.52909e-008 8.61309e-008 2.97971e-007 3.85032e-007 2.18882e-007 -3.90678e-007 -5.9304e-008 -1.06806e-007 2.32635e-008 2.94495e-009 4.42649e-009 7.46907e-009 1.1921e-008 1.52668e-008 1.49954e-008 1.48889e-008 1.48182e-008 1.45529e-008 8.38749e-009 8.40943e-009 1.01092e-008 -1.17489e-010 -2.47912e-009 2.70629e-008 -3.62023e-009 3.22682e-008 1.92418e-008 7.23845e-009 1.43756e-008 1.54815e-008 7.31559e-009 8.25622e-009 7.53504e-009 8.06067e-009 -8.45639e-010 1.57561e-008 1.65995e-008 1.55976e-008 8.42265e-009 -3.12488e-009 1.27025e-008 1.03115e-008 2.96605e-010 1.37367e-008 0.000299 -3.24434e-014
0.000306257 -4.51022e-008 -4.57917e-008 -1.75879e-007 -2.11989e-007 -1.20311e-007 2.14685e-007 4.49948e-008 7.09759e-008 -1.85006e-008 -1.52289e-009 -2.26404e-009 -3.94133e-009 -6.6765e-009 -8.66012e-009 -8.34781e-009 -7.92538e-009 -7.88257e-009 -7.95124e-009 -4.59266e-009 -4.81026e-009 -4.5352e-009 4.16607e-010 2.00924e-009 -1.49887e-008 2.39498e-009 -1.8084e-008 -1.06169e-008 -3.22978e-009 -7.48319e-009 -8.52663e-009 -3.84453e-009 -4.44516e-009 -4.03172e-009 -4.11494e-009 1.01914e-009 -8.62334e-009 -7.94253e-009 -8.08072e-009 -4.06357e-009 2.05985e-009 -6.61711e-009 -6.05944e-009 -8.17213e-011 -6.3146e-009 -3.24434e-014 0.000299
samples {d} 
sample objective_score prior likelihood penalties additional_priors jacobians step_size acceptance_rate acceptance_rate_since_adapt
1 683.638 2.75098 676.05 0 4.83646 0 0.02 0 0
2500 707.593 11.6126 687.181 0 8.80005 0 0.02 0.8096 0.8096
5000 700.011 8.15791 685.547 0 6.30566 0 0.02 0.8132 0.8132
7500 708.767 6.16423 696.299 0 6.30446 0 0.02 0.812933 0.812933
10000 708.888 18.1281 690.476 0 0.283551 0 0.02 0.8153 0.8153
12500 708.649 12.2128 693.747 0 2.68837 0 0.04 0.784 0.6588
15000 726.813 11.4826 707.442 0 7.88751 0 0.04 0.7624 0.6566
15001 683.638 2.75098 676.05 0 4.83646 0 0.04 0 0
17500 712.946 16.3389 693.175 0 3.43219 0 0.04 0.747886 0.658
20000 704.369 5.00321 693.366 0 5.99985 0 0.04 0.7433 0.6713
22500 717.03 16.4435 697.61 0 2.97643 0 0.04 0.737244 0.6748
25000 720.37 11.9625 703.026 0 5.3814 0 0.04 0.73284 0.677867
27500 707.988 12.8473 694.34 0 0.801294 0 0.04 0.729164 0.679943
30000 705.925 5.6651 695.806 0 4.45366 0 0.04 0.7271 0.683
32500 708.931 8.093 696.569 0 4.26899 0 0.04 0.725323 0.685333
35000 708.119 6.62362 696.048 0 5.44755 0 0.04 0.7232 0.68636
37500 716.7 16.3203 697.977 0 2.4025 0 0.04 0.719307 0.6844
40000 719.071 11.0344 705.334 0 2.70259 0 0.04 0.7181 0.6857
42500 708.219 9.91069 691.524 0 6.78477 0 0.04 0.717859 0.687877
45000 710.988 8.68152 694.553 0 7.75401 0 0.04 0.716044 0.687686
47500 720.743 12.9176 704.478 0 3.34723 0 0.04 0.715116 0.6884
50000 708.189 7.77998 698.193 0 2.21633 0 0.04 0.71434 0.6891
52500 714.947 16.6219 696.058 0 2.26735 0 0.08 0.701981 0.4548
55000 706.578 7.97342 696.678 0 1.92646 0 0.08 0.692509 0.4742
57500 717.71 11.5644 704.212 0 1.93422 0 0.08 0.682678 0.4716
60000 706.881 13.1684 690.606 0 3.10681 0 0.08 0.67455 0.4756
62500 709.766 11.5512 696.629 0 1.58603 0 0.08 0.666128 0.47328
65000 710.882 10.4798 696.93 0 3.47214 0 0.08 0.658338 0.471667
67500 711.562 11.028 696.826 0 3.70862 0 0.08 0.651111 0.470457
70000 711.016 10.4404 698.392 0 2.18358 0 0.08 0.644429 0.46965
72500 722.387 12.9921 697.724 0 11.6701 0 0.08 0.638 0.468356
75000 714.45 10.88 698.818 0 4.75178 0 0.08 0.631973 0.46724
77500 708.134 14.4415 690.908 0 2.78424 0 0.08 0.626271 0.466145
80000 711.713 10.0397 700.704 0 0.969407 0 0.08 0.6216 0.467033
82500 719.656 19.6795 694.888 0 5.08863 0 0.08 0.616061 0.464862
85000 709.656 10.3939 697.792 0 1.47027 0 0.08 0.610788 0.462857
87500 716.432 12.4229 702.483 0 1.52592 0 0.08 0.606206 0.462027
90000 711.081 14.7755 691.099 0 5.20626 0 0.08 0.601933 0.461425
92500 717.545 13.6236 700.236 0 3.68603 0 0.08 0.597665 0.4604
95000 706.021 11.2703 688.633 0 6.11809 0 0.08 0.594326 0.460978
97500 708.847 10.917 693.34 0 4.58945 0 0.08 0.591333 0.461853
100000 697.437 8.6142 685.384 0 3.43852 0 0.08 0.58778 0.46122
102500 716.494 17.6257 692.672 0 6.19585 0 0.08 0.584722 0.461276
105000 704.747 8.23722 692.539 0 3.97146 0 0.08 0.582295 0.462255
107500 718.909 16.2782 698.852 0 3.77916 0 0.08 0.579833 0.46287
110000 715.644 13.8993 694.893 0 6.85147 0 0.08 0.577182 0.462883
112500 715.237 10.1328 703.079 0 2.02491 0 0.08 0.57488 0.463312
115000 713.418 13.0284 698.039 0 2.3509 0 0.08 0.572765 0.463862
117500 717.695 10.8536 701.21 0 5.63057 0 0.08 0.570255 0.463526
120000 711.318 12.1529 695.137 0 4.0282 0 0.08 0.568167 0.463757
122500 708.665 9.20145 696.814 0 2.64967 0 0.08 0.565935 0.463586
125000 707.007 6.52029 696.847 0 3.64018 0 0.08 0.564096 0.463933
127500 713.059 7.95174 697.474 0 7.63311 0 0.08 0.562078 0.463845
130000 717.913 15.6486 699.233 0 3.03107 0 0.08 0.559715 0.463075
132500 712.945 10.451 701.988 0 0.505792 0 0.08 0.558309 0.463745
135000 720.262 19.2565 696.394 0 4.61172 0 0.08 0.556889 0.464271
137500 719.034 8.31881 707.234 0 3.48098 0 0.08 0.555185 0.46424
140000 711.081 16.6526 693.649 0 0.779208 0 0.08 0.553643 0.464367
142500 713.248 5.93982 703.95 0 3.3574 0 0.08 0.5524 0.464865
145000 710.008 9.34666 696.345 0 4.31682 0 0.08 0.551055 0.465116
147500 711.808 10.4282 695.564 0 5.81634 0 0.08 0.549586 0.465097
150000 709.441 13.1156 696.075 0 0.250758 0 0.08 0.548793 0.46602
152500 710.383 16.3357 689.655 0 4.39206 0 0.08 0.547016 0.4404
155000 723.64 11.0178 703.185 0 9.43665 0 0.08 0.546052 0.4638
157500 713.465 9.13344 702.764 0 1.56734 0 0.08 0.544724 0.463333
160000 714.942 15.7159 693.664 0 5.56257 0 0.08 0.5433 0.4609
162500 713.474 17.1264 692.159 0 4.18869 0 0.08 0.542025 0.4608
165000 721.749 8.32929 709.277 0 4.14327 0 0.08 0.540982 0.462867
167500 710.566 10.4945 694.222 0 5.84915 0 0.08 0.539904 0.463714
170000 710.332 14.7542 693.812 0 1.76576 0 0.08 0.538712 0.4631
172500 708.198 9.53113 694.579 0 4.0883 0 0.08 0.537745 0.464089
