*mcmc_objective[mcmc]
starting_covariance_matrix {m}
process[Recruitment].b0 catchability[wcsiTANq].q catchability[wcsiTRLcpueq].q process[Instantaneou_Mortality].m{immature} selectivity[wcsiTANsel_mature].mu selectivity[wcsiTANsel_mature].sigma_l selectivity[wcsiTANsel_mature].sigma_r observation[wcsiTRLcpue].process_error selectivity[wcsiTANsel_immature].alpha selectivity[wcsiTRLsel].mu selectivity[wcsiTRLsel].sigma_l selectivity[wcsiTRLsel].sigma_r selectivity[wcsiLLNsel].a50 selectivity[wcsiLLNsel].ato95 process[Recruitment].ycs_values{1974} process[Recruitment].ycs_values{1975} process[Recruitment].ycs_values{1976} process[Recruitment].ycs_values{1977} process[Recruitment].ycs_values{1978} process[Recruitment].ycs_values{1979} process[Recruitment].ycs_values{1980} process[Recruitment].ycs_values{1981} process[Recruitment].ycs_values{1982} process[Recruitment].ycs_values{1983} process[Recruitment].ycs_values{1984} process[Recruitment].ycs_values{1985} process[Recruitment].ycs_values{1986} process[Recruitment].ycs_values{1987} process[Recruitment].ycs_values{1988} process[Recruitment].ycs_values{1989} process[Recruitment].ycs_values{1990} process[Recruitment].ycs_values{1991} process[Recruitment].ycs_values{1992} process[Recruitment].ycs_values{1993} process[Recruitment].ycs_values{1994} process[Recruitment].ycs_values{1995} process[Recruitment].ycs_values{1996} process[Recruitment].ycs_values{1997} process[Recruitment].ycs_values{1998} process[Recruitment].ycs_values{1999} process[Recruitment].ycs_values{2000} process[Recruitment].ycs_values{2001} process[Recruitment].ycs_values{2002} process[Recruitment].ycs_values{2003} process[Recruitment].ycs_values{2004} process[Recruitment].ycs_values{2005} process[Recruitment].ycs_values{2006} process[Recruitment].ycs_values{2007} process[Recruitment].ycs_values{2008} process[Recruitment].ycs_values{2009} process[Recruitment].ycs_values{2010} process[Recruitment].ycs_values{2011} process[Recruitment].ycs_values{2012} 
1.88791e+008 -273.339 -0.109473 97.7385 -2273.89 -250.339 211.613 -100.627 -9.72004 -1776.46 -17279.3 -5381.21 3175.1 2199.89 156.929 -1.17517 -275.39 -161.034 -236.699 -88.8781 -186.753 -155.568 -85.0857 -253.914 -154.585 -174.215 -285.624 -176.457 -276.027 -153.496 -314.126 -156.653 -159.63 -61.8106 -110.641 -519.469 -76.7435 -168.52 1.18964 158.275 99.9671 270.069 81.9403 388.821 199.564 217.26 170.755 177.909 410.195 838.213 1021.76 1782.52 954.823
-273.339 0.00089694 1.65688e-007 4.93713e-005 0.0594315 0.0206644 -0.000141861 0.000224747 -0.000250128 0.00600589 0.0287437 0.0350336 -0.000689424 -0.00218028 -0.000596211 -0.000512728 -3.63889e-005 0.000277382 0.000371892 -0.000220803 0.000116906 0.000194729 -5.05053e-005 0.000427605 5.07611e-005 9.95656e-005 0.000413833 0.000139897 0.000204081 0.000205659 0.000211956 0.000219684 0.000130007 1.83359e-005 0.000114608 1.45818e-005 6.82484e-005 0.000243102 -6.26769e-006 -8.70348e-005 -0.000163318 -0.000359619 -8.30015e-005 -0.000474089 -0.000252882 -6.42862e-005 -0.00019022 -0.000148458 -0.000354191 -0.00082698 -0.00100706 -0.00162926 -0.000898882
-0.109473 1.65688e-007 9.9998e-011 -7.0362e-008 1.11433e-006 7.25159e-008 -1.12212e-007 3.40751e-007 5.44758e-009 1.30926e-006 1.15429e-005 6.5508e-007 -2.67525e-006 -1.81361e-006 -2.03356e-007 -2.17469e-007 1.56712e-008 -5.04181e-008 1.02583e-007 -1.29092e-007 5.78775e-008 4.05969e-008 1.95059e-008 8.33072e-008 2.7635e-008 4.80049e-008 1.15473e-007 3.20506e-008 9.25206e-008 6.24138e-008 8.1038e-008 6.23558e-008 6.03343e-008 -3.89559e-009 5.15959e-008 9.77848e-008 2.97514e-008 -4.22107e-008 -1.99136e-008 -1.51311e-007 -6.61569e-008 -1.53777e-007 -5.09339e-008 -2.02751e-007 -9.49263e-008 -9.10177e-008 -6.77873e-008 -7.02255e-008 -1.57165e-007 -3.37205e-007 -4.08371e-007 -6.54142e-007 -3.52846e-007
97.7385 4.93713e-005 -7.0362e-008 0.000366287 0.0203678 0.0032763 -0.000505977 -0.000101543 -0.000195971 0.00335439 -0.00659229 0.0361786 0.00549477 0.00217412 0.000169804 0.000293111 0.000404978 0.000257653 6.82303e-005 0.00010869 -4.488e-005 4.66227e-005 -5.3195e-005 4.42838e-006 -2.10482e-005 -3.85167e-005 -8.50616e-005 -5.89983e-006 -0.000132433 -2.78956e-005 -0.000129293 -3.55541e-005 -4.83785e-005 -4.26297e-005 -2.89771e-005 -0.000169582 -2.55246e-005 0.000241114 1.90485e-005 0.000151143 2.60258e-005 9.2939e-005 3.77792e-005 0.000116262 5.77974e-005 0.000114164 6.10695e-005 7.058e-005 8.71937e-005 0.000203664 0.000271738 0.000514312 0.000270793
-2273.89 0.0594315 1.11433e-006 0.0203678 10.4835 4.16837 0.0205336 0.004662 -0.0352676 0.367204 0.58114 3.25564 0.613265 0.208078 -0.0448358 -0.0285802 -0.0273542 0.0260415 0.00902049 -0.0271505 -9.2865e-005 0.000201629 -0.00710355 0.0107491 -0.0059378 -0.00222207 0.00592581 0.00127757 -0.00120258 0.000658923 -0.00499842 0.0046211 -0.0069342 0.00209738 8.76749e-005 -0.0164401 0.00391303 0.0372077 0.0107 0.054168 0.00713465 0.0200669 0.00623098 0.0133494 -0.00178316 0.0169724 0.00237741 0.0024778 0.00839539 -0.0026789 -0.0126765 -0.000355868 -0.000349611
-250.339 0.0206644 7.25159e-008 0.0032763 4.16837 2.58968 0.0187444 -0.000265243 -0.0118284 0.0616731 0.156203 0.620475 0.233892 0.116579 -0.0153028 -0.00786665 -0.0128947 0.00763225 0.00308951 -0.00615708 0.000593456 0.00084866 -0.0015206 0.00389563 -0.000343728 0.000786909 0.00358251 0.00162759 0.00227548 0.00060607 0.000377855 0.00311804 -0.00354623 0.00306294 0.000558124 0.00179158 0.00361097 0.00838359 0.00689106 0.0327252 0.00511195 0.011605 0.0025629 0.00518144 -0.00401931 0.00332731 9.34708e-005 -0.00149118 0.00280809 -0.00392282 -0.0110785 0.0115976 0.0154685
211.613 -0.000141861 -1.12212e-007 -0.000505977 0.0205336 0.0187444 3.9601 -0.00135476 0.000196874 -0.0156611 -0.0578596 -0.0648062 0.00296208 0.00865078 -0.00358951 0.0051581 0.00402211 -0.00759678 0.000281999 0.00240444 0.000279685 -0.000399354 -2.03925e-005 0.000284556 0.000754051 0.000359712 -0.00126458 0.0012415 -0.000942421 0.000131439 0.00132284 -0.000389641 0.000923715 -7.82683e-005 -0.000456505 -0.0038358 -0.000621067 -0.00139734 0.0013191 0.000674272 0.000547942 0.000872398 0.000922492 0.00160718 0.000977676 -0.000183381 3.66804e-005 0.00117764 -0.000555656 0.000800742 0.00102712 0.00228684 0.000765259
-100.627 0.000224747 3.40751e-007 -0.000101543 0.004662 -0.000265243 -0.00135476 0.0141377 -2.2823e-005 0.00259122 0.0191831 -0.00908401 0.00195569 0.00138577 0.00015975 0.000831142 0.00113724 -2.64777e-005 1.92763e-006 -0.00072378 -4.01592e-005 -2.40449e-007 6.20466e-005 0.000119597 -0.000329864 9.51042e-005 0.000263763 -0.000204334 -0.000203179 0.000474352 -0.000200238 0.000305449 0.000245673 -0.000188219 0.000279771 -0.000282332 0.000156111 0.000516641 0.00022216 0.00111772 -1.86489e-005 0.000327173 7.291e-005 0.000277767 0.00014424 0.000721434 9.22728e-005 0.000228715 0.00053129 0.000442737 0.00101852 0.00163756 0.000961421
-9.72004 -0.000250128 5.44758e-009 -0.000195971 -0.0352676 -0.0118284 0.000196874 -2.2823e-005 0.000218689 -0.00289568 -0.000980901 -0.0253127 -0.00310897 -0.000846219 0.000244403 0.000190802 9.16535e-006 -8.25479e-005 -1.33045e-005 0.000213494 3.7031e-005 2.59331e-005 6.65307e-005 -1.09085e-005 9.25838e-005 5.7253e-005 4.11646e-005 5.48641e-005 0.000110602 2.24807e-005 0.000136552 2.28183e-005 4.9793e-005 5.73329e-005 1.80008e-005 0.00039153 -3.70982e-006 0.000226999 6.81207e-006 -5.0535e-005 9.19136e-006 1.27024e-006 -1.20754e-005 -1.56423e-005 2.00175e-006 -0.000103656 -3.81174e-005 -5.963e-005 -0.000189693 -0.000238772 -0.000117585 -0.000523549 -0.000294292
-1776.46 0.00600589 1.30926e-006 0.00335439 0.367204 0.0616731 -0.0156611 0.00259122 -0.00289568 0.137121 0.543982 0.467583 -0.0291959 -0.0640904 -0.00595304 -0.00960892 -0.00123085 0.00507212 -0.00178804 -0.00774368 0.000348093 6.51762e-005 -0.00222613 0.00179932 -0.000322553 -0.00157573 0.00104717 -0.000147306 0.000151634 -0.000162742 -0.000271602 0.000707253 0.000794051 -0.000341125 0.00157511 0.00520199 0.00117483 0.0137708 4.67073e-005 0.000862569 -0.0014903 -0.00178491 0.000251593 -0.000393631 0.000565327 0.00315452 -9.3934e-005 0.00071431 -0.00247046 -0.00487648 -0.00800528 -0.0159275 -0.0089262
-17279.3 0.0287437 1.15429e-005 -0.00659229 0.58114 0.156203 -0.0578596 0.0191831 -0.000980901 0.543982 3.996 0.0879962 -0.436553 -0.448718 -0.0315113 -0.035934 -0.0167675 0.0151675 -0.0039258 -0.0209322 0.00638065 0.00420038 -0.000666971 0.01984 0.00606161 0.00389849 0.0222284 0.00622682 0.0233028 0.00572562 0.0188986 0.0121075 0.0127188 0.00443877 0.0148717 0.0642017 0.0092994 0.0702736 -0.0039286 -0.0229733 -0.0150515 -0.0178723 -0.00127673 -0.0168373 -0.00711057 0.00648687 -0.0123177 -0.0109645 -0.0411262 -0.0851838 -0.103808 -0.168459 -0.0744847
-5381.21 0.0350336 6.5508e-007 0.0361786 3.25564 0.620475 -0.0648062 -0.00908401 -0.0253127 0.467583 0.0879962 7.21678 0.911917 0.394536 -0.049346 -0.0673008 0.0293521 0.0384616 0.00578303 0.0174094 0.00431206 0.0151601 -0.000371614 0.015567 0.0117711 0.0100599 0.0129848 0.0129606 0.012201 0.0089558 0.013698 0.0120696 0.00577788 0.00472151 0.00472887 0.0383544 0.00345678 0.0504681 0.00571476 0.0120583 -0.00020431 0.000151238 -0.00175059 -0.00534706 -0.00513973 -0.00338842 -0.00256508 -0.00479356 -0.0169632 -0.0298779 -0.035643 -0.0784202 -0.0589231
3175.1 -0.000689424 -2.67525e-006 0.00549477 0.613265 0.233892 0.00296208 0.00195569 -0.00310897 -0.0291959 -0.436553 0.911917 1.10155 0.751522 0.00336203 0.00590335 -0.00940331 0.00388439 0.00526139 0.00436474 0.00299479 0.00046225 -0.00155296 -0.00257762 0.0010969 -0.00342212 -0.00268449 0.000913653 -0.000528194 -0.00147646 -0.000787325 -0.00140321 -0.00386163 0.00405104 -0.00243325 0.0225127 -0.00206095 0.0123801 0.00133316 -0.0121807 0.00308783 0.00660413 0.00100286 0.00835721 0.00627461 -0.00119669 0.00111054 0.00064255 -0.0023449 0.00211349 0.0053954 0.00284228 0.000397926
2199.89 -0.00218028 -1.81361e-006 0.00217412 0.208078 0.116579 0.00865078 0.00138577 -0.000846219 -0.0640904 -0.448718 0.394536 0.751522 0.832524 0.00999313 0.00673442 -0.0122613 0.00260563 0.00608902 0.00476553 0.00316817 0.000483172 -0.00180094 -0.00119514 0.00163545 -0.000995464 -0.00167304 0.00211332 0.00096905 -0.00143727 0.00122782 -0.000925239 -0.00228719 0.00369721 -0.00241589 0.0131738 -0.00199306 -0.00550725 0.0008591 -0.010258 0.00318201 0.00399742 0.000441171 0.0046098 0.00311109 -0.00358254 -9.21882e-005 0.000288168 -0.00314509 0.00187052 0.00376087 0.00895223 0.00760737
156.929 -0.000596211 -2.03356e-007 0.000169804 -0.0448358 -0.0153028 -0.00358951 0.00015975 0.000244403 -0.00595304 -0.0315113 -0.049346 0.00336203 0.00999313 0.0759768 -0.0241063 -0.00651907 0.00132814 0.00675073 -0.00631617 0.00477092 -0.000539241 0.00044086 0.00135353 -0.000222073 0.00126712 0.000698485 0.000361667 0.000534949 0.000917671 0.000742473 0.000677063 0.000902959 -2.35605e-005 0.000615312 -0.000874335 0.000289615 0.00142853 0.000423127 0.00145873 8.19038e-005 0.000133374 7.02816e-005 -0.000679442 -0.00100413 0.000760297 -0.00063908 -0.00025504 -0.000374976 -0.00253391 -0.000960181 -0.00216897 0.000468406
-1.17517 -0.000512728 -2.17469e-007 0.000293111 -0.0285802 -0.00786665 0.0051581 0.000831142 0.000190802 -0.00960892 -0.035934 -0.0673008 0.00590335 0.00673442 -0.0241063 0.165042 -0.0563917 -0.0107458 -0.000941601 0.012819 0.000289494 0.000738996 0.000789435 0.00246243 0.00124709 0.00169997 0.00198643 0.00185159 0.00155973 0.00167887 0.00179691 0.00127415 0.000371448 0.000540711 0.000308248 0.00268667 0.000197047 -0.000954692 0.00024898 -0.00511736 2.7405e-005 -0.00108422 -0.000303541 -0.00275911 -0.00174191 -0.00227358 -0.000885322 -0.00211521 -0.00349424 -0.00694461 -0.00791374 -0.0107283 -0.00246815
-275.39 -3.63889e-005 1.56712e-008 0.000404978 -0.0273542 -0.0128947 0.00402211 0.00113724 9.16535e-006 -0.00123085 -0.0167675 0.0293521 -0.00940331 -0.0122613 -0.00651907 -0.0563917 0.141175 -0.0284524 -0.013425 0.00777513 0.00276983 0.00175602 -0.000160243 0.00130785 0.00178899 0.000517738 0.000778601 0.00104921 0.00174401 -0.000227673 0.00187355 0.000228793 0.000294419 0.000563024 0.000318435 0.000619377 0.000740182 -0.00346573 -0.000468521 -0.00277224 -0.000661746 -0.00224707 -0.000362001 -0.00369547 -0.00179316 -0.00166896 -0.00231891 -0.000895642 -0.00296659 -0.00586621 -0.0067933 -0.00790688 -0.00320984
-161.034 0.000277382 -5.04181e-008 0.000257653 0.0260415 0.00763225 -0.00759678 -2.64777e-005 -8.25479e-005 0.00507212 0.0151675 0.0384616 0.00388439 0.00260563 0.00132814 -0.0107458 -0.0284524 0.0734637 -0.00998647 -0.00941133 0.00121248 0.00205031 0.000648496 0.000161 0.000269905 0.000510855 0.00125387 -7.07406e-005 -0.000701802 0.00170104 -0.000448392 0.000458194 0.000628865 -0.000261796 0.000416083 -0.00214717 0.000195928 0.00451076 4.37744e-005 0.00325513 -0.000233922 0.000195497 -0.00027875 0.000170522 -0.000154231 0.000667814 0.000461461 -0.00101302 0.000418869 -0.00118968 -0.00365088 -0.00120643 -0.000115638
-236.699 0.000371892 1.02583e-007 6.82303e-005 0.00902049 0.00308951 0.000281999 1.92763e-006 -1.33045e-005 -0.00178804 -0.0039258 0.00578303 0.00526139 0.00608902 0.00675073 -0.000941601 -0.013425 -0.00998647 0.0558702 -0.0256419 0.00242743 0.00744425 0.00225818 0.00285137 0.00327643 0.0036183 0.003169 0.00487199 0.00436734 0.00250203 0.00725542 0.00247152 0.00351347 0.00234351 0.0023207 0.0231428 0.00310315 0.0206017 0.00302776 0.0179616 0.0026096 0.00461597 0.0017185 0.00389782 0.00274916 0.0021787 0.000557636 0.00165004 0.00136389 0.00189416 0.00320711 0.000465469 -9.59929e-005
-88.8781 -0.000220803 -1.29092e-007 0.00010869 -0.0271505 -0.00615708 0.00240444 -0.00072378 0.000213494 -0.00774368 -0.0209322 0.0174094 0.00436474 0.00476553 -0.00631617 0.012819 0.00777513 -0.00941133 -0.0256419 0.0725779 -0.018619 0.000155443 0.00609709 0.00528607 0.00430831 0.00448392 0.00686767 0.00477765 0.00781907 0.00377286 0.0103421 0.00333598 0.0056105 0.00348308 0.00406459 0.0343196 0.00492361 0.0293209 0.00493821 0.0331542 0.00489828 0.00784489 0.00203216 0.00870412 0.00410334 0.00432808 0.0019963 0.00204484 0.00471538 0.0064356 0.0062722 0.0101112 0.00357473
-186.753 0.000116906 5.78775e-008 -4.488e-005 -9.2865e-005 0.000593456 0.000279685 -4.01592e-005 3.7031e-005 0.000348093 0.00638065 0.00431206 0.00299479 0.00316817 0.00477092 0.000289494 0.00276983 0.00121248 0.00242743 -0.018619 0.0352066 -0.010188 6.4969e-005 0.00339162 0.00163797 0.00224708 0.00256483 0.00250008 0.00352917 0.00181921 0.00440593 0.00204573 0.0027353 0.00165304 0.00211394 0.0158359 0.00208162 0.0127652 0.00255503 0.0153787 0.00228787 0.00378316 0.00100481 0.00439295 0.00174701 0.00236331 0.00113469 0.00122697 0.00230974 0.00383653 0.00470459 0.00390908 0.00105293
-155.568 0.000194729 4.05969e-008 4.66227e-005 0.000201629 0.00084866 -0.000399354 -2.40449e-007 2.59331e-005 6.51762e-005 0.00420038 0.0151601 0.00046225 0.000483172 -0.000539241 0.000738996 0.00175602 0.00205031 0.00744425 0.000155443 -0.010188 0.0209753 -0.00622477 0.000945824 0.00363171 0.00141735 0.00236848 0.00250841 0.00202013 0.00220298 0.00340331 0.00204761 0.00162151 0.00149402 0.00139492 0.0156893 0.00216604 0.0113738 0.00176745 0.0122697 0.00183962 0.00312836 0.000781689 0.00330015 0.00122611 0.00181945 0.000911073 0.000540104 0.00196625 0.00189969 0.00126952 0.00263717 0.00128566
-85.0857 -5.05053e-005 1.95059e-008 -5.3195e-005 -0.00710355 -0.0015206 -2.03925e-005 6.20466e-005 6.65307e-005 -0.00222613 -0.000666971 -0.000371614 -0.00155296 -0.00180094 0.00044086 0.000789435 -0.000160243 0.000648496 0.00225818 0.00609709 6.4969e-005 -0.00622477 0.0173841 -0.00804335 0.00337838 0.00294072 0.000958474 0.00287504 0.0032544 0.000536772 0.00487426 0.000586212 0.00242502 0.00114967 0.00172669 0.0107111 0.00166781 0.011623 0.00237157 0.0114766 0.00197604 0.00279441 0.00124029 0.00320055 0.00228859 0.00230306 0.000306506 0.00124104 0.00182646 0.00321912 0.00256601 0.0033102 0.00145741
-253.914 0.000427605 8.33072e-008 4.42838e-006 0.0107491 0.00389563 0.000284556 0.000119597 -1.09085e-005 0.00179932 0.01984 0.015567 -0.00257762 -0.00119514 0.00135353 0.00246243 0.00130785 0.000161 0.00285137 0.00528607 0.00339162 0.000945824 -0.00804335 0.0232554 -0.0119531 0.00542638 0.00554348 4.71176e-006 0.00448765 0.00222716 0.0046758 0.0027505 0.00200639 0.00244448 0.00195364 0.0172776 0.00266067 0.0166413 0.00213055 0.015896 0.00206478 0.00387312 0.000987939 0.00405043 0.00190325 0.00218462 0.000901457 0.000842044 0.0021326 0.00192519 0.00363974 0.00317049 0.000623339
-154.585 5.07611e-005 2.7635e-008 -2.10482e-005 -0.0059378 -0.000343728 0.000754051 -0.000329864 9.25838e-005 -0.000322553 0.00606161 0.0117711 0.0010969 0.00163545 -0.000222073 0.00124709 0.00178899 0.000269905 0.00327643 0.00430831 0.00163797 0.00363171 0.00337838 -0.0119531 0.0257126 -0.0121789 0.00615445 0.00492684 0.00146316 0.00341297 0.00471808 0.00221706 0.00311334 0.00165381 0.00234475 0.0187999 0.00244666 0.017516 0.00280772 0.017147 0.00262029 0.00452366 0.0010804 0.00472871 0.00189263 0.00318657 0.00120067 0.00140545 0.0026142 0.00461588 0.0024066 0.00431561 0.00168891
-174.215 9.95656e-005 4.80049e-008 -3.85167e-005 -0.00222207 0.000786909 0.000359712 9.51042e-005 5.7253e-005 -0.00157573 0.00389849 0.0100599 -0.00342212 -0.000995464 0.00126712 0.00169997 0.000517738 0.000510855 0.0036183 0.00448392 0.00224708 0.00141735 0.00294072 0.00542638 -0.0121789 0.0252972 -0.0124484 0.00766713 0.00437776 0.000177073 0.00634261 0.00127484 0.00304621 0.00194606 0.00192557 0.0169434 0.00254998 0.0137744 0.00277566 0.0147208 0.00262099 0.00351798 0.00135383 0.00403932 0.00206849 0.00215482 0.000914139 0.000960837 0.00166867 0.00300699 0.00438327 0.00308982 0.000860398
-285.624 0.000413833 1.15473e-007 -8.50616e-005 0.00592581 0.00358251 -0.00126458 0.000263763 4.11646e-005 0.00104717 0.0222284 0.0129848 -0.00268449 -0.00167304 0.000698485 0.00198643 0.000778601 0.00125387 0.003169 0.00686767 0.00256483 0.00236848 0.000958474 0.00554348 0.00615445 -0.0124484 0.02834 -0.0134326 0.0117621 0.00173025 0.0062605 0.00386373 0.00289563 0.00332134 0.00264864 0.0241961 0.00382511 0.0211599 0.00367881 0.0229449 0.00315037 0.00602201 0.00168456 0.00625594 0.00335837 0.00401124 0.000930801 0.00177258 0.00390365 0.00527216 0.00462345 0.00597701 0.00216267
-176.457 0.000139897 3.20506e-008 -5.89983e-006 0.00127757 0.00162759 0.0012415 -0.000204334 5.48641e-005 -0.000147306 0.00622682 0.0129606 0.000913653 0.00211332 0.000361667 0.00185159 0.00104921 -7.07406e-005 0.00487199 0.00477765 0.00250008 0.00250841 0.00287504 4.71176e-006 0.00492684 0.00766713 -0.0134326 0.0281565 -0.0133475 0.00947953 0.00487925 0.00211254 0.00419179 0.00169977 0.00283263 0.0214298 0.0028607 0.0233802 0.00306506 0.0200482 0.0032638 0.00476967 0.00149313 0.00548001 0.00238467 0.0034485 0.00153867 0.00168661 0.00286555 0.00479093 0.00419262 0.00486381 0.00161321
-276.027 0.000204081 9.25206e-008 -0.000132433 -0.00120258 0.00227548 -0.000942421 -0.000203179 0.000110602 0.000151634 0.0233028 0.012201 -0.000528194 0.00096905 0.000534949 0.00155973 0.00174401 -0.000701802 0.00436734 0.00781907 0.00352917 0.00202013 0.0032544 0.00448765 0.00146316 0.00437776 0.0117621 -0.0133475 0.0304445 -0.0129036 0.015188 0.00146388 0.00448308 0.0036573 0.00340054 0.0297876 0.00446586 0.025287 0.00473204 0.0270633 0.00427485 0.00721522 0.00208796 0.00830613 0.00402744 0.00490442 0.00179689 0.00224001 0.00457207 0.00651398 0.00729158 0.00725974 0.00177668
-153.496 0.000205659 6.24138e-008 -2.78956e-005 0.000658923 0.00060607 0.000131439 0.000474352 2.24807e-005 -0.000162742 0.00572562 0.0089558 -0.00147646 -0.00143727 0.000917671 0.00167887 -0.000227673 0.00170104 0.00250203 0.00377286 0.00181921 0.00220298 0.000536772 0.00222716 0.00341297 0.000177073 0.00173025 0.00947953 -0.0129036 0.022401 -0.0100155 0.00805879 0.000716317 0.00189704 0.00198722 0.015006 0.00230823 0.0149445 0.0025768 0.0123707 0.00210043 0.00391975 0.000948632 0.00377061 0.00192839 0.00249953 0.000920516 0.000977154 0.00193736 0.00340213 0.00261833 0.00344742 0.00166155
-314.126 0.000211956 8.1038e-008 -0.000129293 -0.00499842 0.000377855 0.00132284 -0.000200238 0.000136552 -0.000271602 0.0188986 0.013698 -0.000787325 0.00122782 0.000742473 0.00179691 0.00187355 -0.000448392 0.00725542 0.0103421 0.00440593 0.00340331 0.00487426 0.0046758 0.00471808 0.00634261 0.0062605 0.00487925 0.015188 -0.0100155 0.0322562 -0.00894644 0.0118851 0.00319657 0.00532604 0.0426833 0.00616554 0.0414203 0.00615375 0.0441898 0.00621193 0.00966269 0.00327393 0.0113607 0.00598345 0.00676705 0.00300098 0.00348064 0.00701441 0.0101712 0.00989747 0.0111285 0.00309115
-156.653 0.000219684 6.23558e-008 -3.55541e-005 0.0046211 0.00311804 -0.000389641 0.000305449 2.28183e-005 0.000707253 0.0121075 0.0120696 -0.00140321 -0.000925239 0.000677063 0.00127415 0.000228793 0.000458194 0.00247152 0.00333598 0.00204573 0.00204761 0.000586212 0.0027505 0.00221706 0.00127484 0.00386373 0.00211254 0.00146388 0.00805879 -0.00894644 0.0199894 -0.00959979 0.00683576 0.00073079 0.0193152 0.0025711 0.0137481 0.00278153 0.0123593 0.00257907 0.00442772 0.000936983 0.00483522 0.00178836 0.00265573 0.00114176 0.000972147 0.00277296 0.00415352 0.00359387 0.00429323 0.00138806
-159.63 0.000130007 6.03343e-008 -4.83785e-005 -0.0069342 -0.00354623 0.000923715 0.000245673 4.9793e-005 0.000794051 0.0127188 0.00577788 -0.00386163 -0.00228719 0.000902959 0.000371448 0.000294419 0.000628865 0.00351347 0.0056105 0.0027353 0.00162151 0.00242502 0.00200639 0.00311334 0.00304621 0.00289563 0.00419179 0.00448308 0.000716317 0.0118851 -0.00959979 0.019997 -0.00813771 0.0067902 0.0122657 0.00377403 0.0223558 0.00374336 0.0248991 0.00329162 0.00526665 0.00177236 0.00602718 0.00315296 0.00396929 0.0013546 0.00250896 0.0035 0.00593391 0.00570195 0.00565484 0.001678
-61.8106 1.83359e-005 -3.89559e-009 -4.26297e-005 0.00209738 0.00306294 -7.82683e-005 -0.000188219 5.73329e-005 -0.000341125 0.00443877 0.00472151 0.00405104 0.00369721 -2.35605e-005 0.000540711 0.000563024 -0.000261796 0.00234351 0.00348308 0.00165304 0.00149402 0.00114967 0.00244448 0.00165381 0.00194606 0.00332134 0.00169977 0.0036573 0.00189704 0.00319657 0.00683576 -0.00813771 0.0151395 -0.00616047 0.0462114 0.00172256 0.0183182 0.00248138 0.0151369 0.00261519 0.00459661 0.00130526 0.00524603 0.00240344 0.00301818 0.00146207 0.000771372 0.00309698 0.00463545 0.00439448 0.00526329 0.00178582
-110.641 0.000114608 5.15959e-008 -2.89771e-005 8.76749e-005 0.000558124 -0.000456505 0.000279771 1.80008e-005 0.00157511 0.0148717 0.00472887 -0.00243325 -0.00241589 0.000615312 0.000308248 0.000318435 0.000416083 0.0023207 0.00406459 0.00211394 0.00139492 0.00172669 0.00195364 0.00234475 0.00192557 0.00264864 0.00283263 0.00340054 0.00198722 0.00532604 0.00073079 0.0067902 -0.00616047 0.0126971 -0.0431325 0.00490949 0.0123697 0.00326473 0.0167161 0.00289542 0.00456074 0.00133686 0.00506193 0.0028561 0.00349617 0.00109194 0.00217852 0.00305644 0.00503715 0.00506109 0.00512027 0.00139381
-519.469 1.45818e-005 9.77848e-008 -0.000169582 -0.0164401 0.00179158 -0.0038358 -0.000282332 0.00039153 0.00520199 0.0642017 0.0383544 0.0225127 0.0131738 -0.000874335 0.00268667 0.000619377 -0.00214717 0.0231428 0.0343196 0.0158359 0.0156893 0.0107111 0.0172776 0.0187999 0.0169434 0.0241961 0.0214298 0.0297876 0.015006 0.0426833 0.0193152 0.0122657 0.0462114 -0.0431325 0.9998 -0.0275665 0.329153 0.0188997 0.187538 0.0244556 0.040237 0.0126377 0.0492221 0.0213781 0.0253612 0.012758 0.0128084 0.0293688 0.0463234 0.0417214 0.0477148 0.0120821
-76.7435 6.82484e-005 2.97514e-008 -2.55246e-005 0.00391303 0.00361097 -0.000621067 0.000156111 -3.70982e-006 0.00117483 0.0092994 0.00345678 -0.00206095 -0.00199306 0.000289615 0.000197047 0.000740182 0.000195928 0.00310315 0.00492361 0.00208162 0.00216604 0.00166781 0.00266067 0.00244666 0.00254998 0.00382511 0.0028607 0.00446586 0.00230823 0.00616554 0.0025711 0.00377403 0.00172256 0.00490949 -0.0275665 0.0115174 -0.0264114 0.00537892 0.0185132 0.00368397 0.00618156 0.00187264 0.00690792 0.00351043 0.00450044 0.00175134 0.00246202 0.00455833 0.00691689 0.00695479 0.00802173 0.00281716
-168.52 0.000243102 -4.22107e-008 0.000241114 0.0372077 0.00838359 -0.00139734 0.000516641 0.000226999 0.0137708 0.0702736 0.0504681 0.0123801 -0.00550725 0.00142853 -0.000954692 -0.00346573 0.00451076 0.0206017 0.0293209 0.0127652 0.0113738 0.011623 0.0166413 0.017516 0.0137744 0.0211599 0.0233802 0.025287 0.0149445 0.0414203 0.0137481 0.0223558 0.0183182 0.0123697 0.329153 -0.0264114 0.9998 -0.0203095 0.303866 0.0214697 0.0424328 0.0117977 0.0499619 0.0250608 0.0317582 0.0142282 0.0140198 0.0287265 0.0475921 0.0395075 0.0450469 0.0116766
1.18964 -6.26769e-006 -1.99136e-008 1.90485e-005 0.0107 0.00689106 0.0013191 0.00022216 6.81207e-006 4.67073e-005 -0.0039286 0.00571476 0.00133316 0.0008591 0.000423127 0.00024898 -0.000468521 4.37744e-005 0.00302776 0.00493821 0.00255503 0.00176745 0.00237157 0.00213055 0.00280772 0.00277566 0.00367881 0.00306506 0.00473204 0.0025768 0.00615375 0.00278153 0.00374336 0.00248138 0.00326473 0.0188997 0.00537892 -0.0203095 0.0118162 -0.0169692 0.00516649 0.00712596 0.00179437 0.00808961 0.00413504 0.00516958 0.00240334 0.00252006 0.00531982 0.00799602 0.00862874 0.0091413 0.00254876
158.275 -8.70348e-005 -1.51311e-007 0.000151143 0.054168 0.0327252 0.000674272 0.00111772 -5.0535e-005 0.000862569 -0.0229733 0.0120583 -0.0121807 -0.010258 0.00145873 -0.00511736 -0.00277224 0.00325513 0.0179616 0.0331542 0.0153787 0.0122697 0.0114766 0.015896 0.017147 0.0147208 0.0229449 0.0200482 0.0270633 0.0123707 0.0441898 0.0123593 0.0248991 0.0151369 0.0167161 0.187538 0.0185132 0.303866 -0.0169692 0.9998 -0.0177466 0.0528994 0.0136989 0.0554899 0.0202924 0.0319965 0.0149672 0.0187831 0.0349167 0.0595653 0.0505216 0.0570149 0.0161514
99.9671 -0.000163318 -6.61569e-008 2.60258e-005 0.00713465 0.00511195 0.000547942 -1.86489e-005 9.19136e-006 -0.0014903 -0.0150515 -0.00020431 0.00308783 0.00318201 8.19038e-005 2.7405e-005 -0.000661746 -0.000233922 0.0026096 0.00489828 0.00228787 0.00183962 0.00197604 0.00206478 0.00262029 0.00262099 0.00315037 0.0032638 0.00427485 0.00210043 0.00621193 0.00257907 0.00329162 0.00261519 0.00289542 0.0244556 0.00368397 0.0214697 0.00516649 -0.0177466 0.0145378 0.000340714 0.00366862 0.00869738 0.00426311 0.00498973 0.00216016 0.0030103 0.0059763 0.00883367 0.00921753 0.0102477 0.00294813
270.069 -0.000359619 -1.53777e-007 9.2939e-005 0.0200669 0.011605 0.000872398 0.000327173 1.27024e-006 -0.00178491 -0.0178723 0.000151238 0.00660413 0.00399742 0.000133374 -0.00108422 -0.00224707 0.000195497 0.00461597 0.00784489 0.00378316 0.00312836 0.00279441 0.00387312 0.00452366 0.00351798 0.00602201 0.00476967 0.00721522 0.00391975 0.00966269 0.00442772 0.00526665 0.00459661 0.00456074 0.040237 0.00618156 0.0424328 0.00712596 0.0528994 0.000340714 0.0293995 -0.00453252 0.0167826 0.00837788 0.00934785 0.00487006 0.00469814 0.00955373 0.0161412 0.0153786 0.0169995 0.00503317
81.9403 -8.30015e-005 -5.09339e-008 3.77792e-005 0.00623098 0.0025629 0.000922492 7.291e-005 -1.20754e-005 0.000251593 -0.00127673 -0.00175059 0.00100286 0.000441171 7.02816e-005 -0.000303541 -0.000362001 -0.00027875 0.0017185 0.00203216 0.00100481 0.000781689 0.00124029 0.000987939 0.0010804 0.00135383 0.00168456 0.00149313 0.00208796 0.000948632 0.00327393 0.000936983 0.00177236 0.00130526 0.00133686 0.0126377 0.00187264 0.0117977 0.00179437 0.0136989 0.00366862 -0.00453252 0.0176817 -0.00781736 0.00743794 0.00213126 0.000799187 0.001921 0.00299299 0.00527913 0.00489765 0.00556193 0.00152855
388.821 -0.000474089 -2.02751e-007 0.000116262 0.0133494 0.00518144 0.00160718 0.000277767 -1.56423e-005 -0.000393631 -0.0168373 -0.00534706 0.00835721 0.0046098 -0.000679442 -0.00275911 -0.00369547 0.000170522 0.00389782 0.00870412 0.00439295 0.00330015 0.00320055 0.00405043 0.00472871 0.00403932 0.00625594 0.00548001 0.00830613 0.00377061 0.0113607 0.00483522 0.00602718 0.00524603 0.00506193 0.0492221 0.00690792 0.0499619 0.00808961 0.0554899 0.00869738 0.0167826 -0.00781736 0.0495979 -0.0127562 0.0199526 0.0038349 0.00620771 0.0127109 0.0198134 0.0196217 0.0212751 0.00534264
199.564 -0.000252882 -9.49263e-008 5.77974e-005 -0.00178316 -0.00401931 0.000977676 0.00014424 2.00175e-006 0.000565327 -0.00711057 -0.00513973 0.00627461 0.00311109 -0.00100413 -0.00174191 -0.00179316 -0.000154231 0.00274916 0.00410334 0.00174701 0.00122611 0.00228859 0.00190325 0.00189263 0.00206849 0.00335837 0.00238467 0.00402744 0.00192839 0.00598345 0.00178836 0.00315296 0.00240344 0.0028561 0.0213781 0.00351043 0.0250608 0.00413504 0.0202924 0.00426311 0.00837788 0.00743794 -0.0127562 0.0417215 -0.0173236 0.00989912 0.00233252 0.00666488 0.0106741 0.0106509 0.0101695 0.00277236
217.26 -6.42862e-005 -9.10177e-008 0.000114164 0.0169724 0.00332731 -0.000183381 0.000721434 -0.000103656 0.00315452 0.00648687 -0.00338842 -0.00119669 -0.00358254 0.000760297 -0.00227358 -0.00166896 0.000667814 0.0021787 0.00432808 0.00236331 0.00181945 0.00230306 0.00218462 0.00318657 0.00215482 0.00401124 0.0034485 0.00490442 0.00249953 0.00676705 0.00265573 0.00396929 0.00301818 0.00349617 0.0253612 0.00450044 0.0317582 0.00516958 0.0319965 0.00498973 0.00934785 0.00213126 0.0199526 -0.0173236 0.0415551 -0.0131869 0.00800062 0.00715028 0.0129886 0.0119671 0.0140917 0.00444938
170.755 -0.00019022 -6.77873e-008 6.10695e-005 0.00237741 9.34708e-005 3.66804e-005 9.22728e-005 -3.81174e-005 -9.3934e-005 -0.0123177 -0.00256508 0.00111054 -9.21882e-005 -0.00063908 -0.000885322 -0.00231891 0.000461461 0.000557636 0.0019963 0.00113469 0.000911073 0.000306506 0.000901457 0.00120067 0.000914139 0.000930801 0.00153867 0.00179689 0.000920516 0.00300098 0.00114176 0.0013546 0.00146207 0.00109194 0.012758 0.00175134 0.0142282 0.00240334 0.0149672 0.00216016 0.00487006 0.000799187 0.0038349 0.00989912 -0.0131869 0.0214662 -0.00718358 0.0060007 0.00574328 0.00689633 0.00638667 0.00141809
177.909 -0.000148458 -7.02255e-008 7.058e-005 0.0024778 -0.00149118 0.00117764 0.000228715 -5.963e-005 0.00071431 -0.0109645 -0.00479356 0.00064255 0.000288168 -0.00025504 -0.00211521 -0.000895642 -0.00101302 0.00165004 0.00204484 0.00122697 0.000540104 0.00124104 0.000842044 0.00140545 0.000960837 0.00177258 0.00168661 0.00224001 0.000977154 0.00348064 0.000972147 0.00250896 0.000771372 0.00217852 0.0128084 0.00246202 0.0140198 0.00252006 0.0187831 0.0030103 0.00469814 0.001921 0.00620771 0.00233252 0.00800062 -0.00718358 0.0176635 -0.00262557 0.00990216 0.00625781 0.00797618 0.00226062
410.195 -0.000354191 -1.57165e-007 8.71937e-005 0.00839539 0.00280809 -0.000555656 0.00053129 -0.000189693 -0.00247046 -0.0411262 -0.0169632 -0.0023449 -0.00314509 -0.000374976 -0.00349424 -0.00296659 0.000418869 0.00136389 0.00471538 0.00230974 0.00196625 0.00182646 0.0021326 0.0026142 0.00166867 0.00390365 0.00286555 0.00457207 0.00193736 0.00701441 0.00277296 0.0035 0.00309698 0.00305644 0.0293688 0.00455833 0.0287265 0.00531982 0.0349167 0.0059763 0.00955373 0.00299299 0.0127109 0.00666488 0.00715028 0.0060007 -0.00262557 0.028583 0.00649478 0.0189532 0.0184943 0.0056418
838.213 -0.00082698 -3.37205e-007 0.000203664 -0.0026789 -0.00392282 0.000800742 0.000442737 -0.000238772 -0.00487648 -0.0851838 -0.0298779 0.00211349 0.00187052 -0.00253391 -0.00694461 -0.00586621 -0.00118968 0.00189416 0.0064356 0.00383653 0.00189969 0.00321912 0.00192519 0.00461588 0.00300699 0.00527216 0.00479093 0.00651398 0.00340213 0.0101712 0.00415352 0.00593391 0.00463545 0.00503715 0.0463234 0.00691689 0.0475921 0.00799602 0.0595653 0.00883367 0.0161412 0.00527913 0.0198134 0.0106741 0.0129886 0.00574328 0.00990216 0.00649478 0.0710905 0.00632242 0.0346595 0.0100872
1021.76 -0.00100706 -4.08371e-007 0.000271738 -0.0126765 -0.0110785 0.00102712 0.00101852 -0.000117585 -0.00800528 -0.103808 -0.035643 0.0053954 0.00376087 -0.000960181 -0.00791374 -0.0067933 -0.00365088 0.00320711 0.0062722 0.00470459 0.00126952 0.00256601 0.00363974 0.0024066 0.00438327 0.00462345 0.00419262 0.00729158 0.00261833 0.00989747 0.00359387 0.00570195 0.00439448 0.00506109 0.0417214 0.00695479 0.0395075 0.00862874 0.0505216 0.00921753 0.0153786 0.00489765 0.0196217 0.0106509 0.0119671 0.00689633 0.00625781 0.0189532 0.00632242 0.127764 -0.00702984 0.00375479
1782.52 -0.00162926 -6.54142e-007 0.000514312 -0.000355868 0.0115976 0.00228684 0.00163756 -0.000523549 -0.0159275 -0.168459 -0.0784202 0.00284228 0.00895223 -0.00216897 -0.0107283 -0.00790688 -0.00120643 0.000465469 0.0101112 0.00390908 0.00263717 0.0033102 0.00317049 0.00431561 0.00308982 0.00597701 0.00486381 0.00725974 0.00344742 0.0111285 0.00429323 0.00565484 0.00526329 0.00512027 0.0477148 0.00802173 0.0450469 0.0091413 0.0570149 0.0102477 0.0169995 0.00556193 0.0212751 0.0101695 0.0140917 0.00638667 0.00797618 0.0184943 0.0346595 -0.00702984 0.212144 0.0112178
954.823 -0.000898882 -3.52846e-007 0.000270793 -0.000349611 0.0154685 0.000765259 0.000961421 -0.000294292 -0.0089262 -0.0744847 -0.0589231 0.000397926 0.00760737 0.000468406 -0.00246815 -0.00320984 -0.000115638 -9.59929e-005 0.00357473 0.00105293 0.00128566 0.00145741 0.000623339 0.00168891 0.000860398 0.00216267 0.00161321 0.00177668 0.00166155 0.00309115 0.00138806 0.001678 0.00178582 0.00139381 0.0120821 0.00281716 0.0116766 0.00254876 0.0161514 0.00294813 0.00503317 0.00152855 0.00534264 0.00277236 0.00444938 0.00141809 0.00226062 0.0056418 0.0100872 0.00375479 0.0112178 0.112248
samples {d} 
sample objective_score prior likelihood penalties additional_priors jacobians step_size acceptance_rate acceptance_rate_since_adapt
1 1240.17 -8.22714 1248.39 0 0 0 0.02 0 0
500 1249.12 -6.54405 1255.67 0 0 0 0.02 0.286 0.286
1000 1256.38 -6.48674 1262.87 0 0 0 0.02 0.29 0.29
1500 1259.4 -5.95272 1265.36 0 0 0 0.02 0.284667 0.284667
2000 1264.96 -3.41008 1268.37 0 0 0 0.02 0.2845 0.2845
2500 1260.55 -7.33192 1267.88 0 0 0 0.02 0.2848 0.2848
3000 1260.9 -3.35092 1264.25 0 0 0 0.02 0.294667 0.294667
3500 1258.37 -2.71304 1261.09 0 0 0 0.02 0.298286 0.298286
4000 1258.47 -2.79109 1261.27 0 0 0 0.02 0.298 0.298
4500 1258.31 -1.52942 1259.84 0 0 0 0.02 0.298 0.298
5000 1261.39 -1.32555 1262.72 0 0 0 0.02 0.2988 0.2988
5500 1266.14 -3.32426 1269.46 0 0 0 0.02 0.297091 0.297091
6000 1267.73 -2.87602 1270.61 0 0 0 0.02 0.299167 0.299167
6500 1265.66 -1.12352 1266.79 0 0 0 0.02 0.298615 0.298615
7000 1273.25 0.242359 1273.01 0 0 0 0.02 0.299 0.299
7500 1268.58 1.19232 1267.39 0 0 0 0.02 0.298133 0.298133
8000 1269.82 5.73501 1264.09 0 0 0 0.02 0.30275 0.30275
8500 1269.3 2.45097 1266.85 0 0 0 0.02 0.304235 0.304235
9000 1261.6 2.39332 1259.21 0 0 0 0.02 0.305889 0.305889
9500 1264.4 3.1256 1261.27 0 0 0 0.02 0.304632 0.304632
10000 1265.9 6.2391 1259.66 0 0 0 0.02 0.3049 0.3049
10500 1262.61 2.84136 1259.77 0 0 0 0.02 0.303905 0.303905
11000 1259.16 -0.0026967 1259.16 0 0 0 0.02 0.305545 0.305545
11500 1263.29 -0.404202 1263.7 0 0 0 0.02 0.305565 0.305565
12000 1265.29 0.9205 1264.37 0 0 0 0.02 0.304417 0.304417
12500 1261.37 -1.18274 1262.55 0 0 0 0.02 0.30288 0.30288
13000 1262.86 -1.55456 1264.42 0 0 0 0.02 0.303615 0.303615
13500 1264.53 -2.37118 1266.9 0 0 0 0.02 0.303259 0.303259
14000 1262.89 -4.30105 1267.19 0 0 0 0.02 0.303643 0.303643
14500 1265.9 0.0717789 1265.83 0 0 0 0.02 0.302345 0.302345
15000 1260.44 0.0415979 1260.4 0 0 0 0.02 0.302267 0.302267
15500 1263.16 -0.439825 1263.6 0 0 0 0.02 0.302839 0.302839
16000 1262.92 -1.22703 1264.14 0 0 0 0.02 0.303438 0.303438
16500 1258.44 -2.81161 1261.26 0 0 0 0.02 0.304 0.304
17000 1260.47 -2.75619 1263.22 0 0 0 0.02 0.304412 0.304412
17500 1262.77 -2.65337 1265.42 0 0 0 0.02 0.304857 0.304857
18000 1265.59 -5.18781 1270.78 0 0 0 0.02 0.305167 0.305167
18500 1258.98 -4.0848 1263.07 0 0 0 0.02 0.304378 0.304378
19000 1259.39 -2.98454 1262.38 0 0 0 0.02 0.303684 0.303684
19500 1265.11 -3.89548 1269 0 0 0 0.02 0.304103 0.304103
