*mpd[__mpd__]
MPD {list}
estimated_values {dataframe}
catchability[CSacous].q catchability[WCacous].q catchability[CRsum].q catchability[SAsum].q catchability[SAaut].q parameter_transformation[log_sum_b0].log_total_parameter parameter_transformation[log_sum_b0].total_proportion_parameter process[recruit_E].recruitment_multipliers{1977} process[recruit_E].recruitment_multipliers{1978} process[recruit_E].recruitment_multipliers{1979} process[recruit_E].recruitment_multipliers{1980} process[recruit_E].recruitment_multipliers{1981} process[recruit_E].recruitment_multipliers{1982} process[recruit_E].recruitment_multipliers{1983} process[recruit_E].recruitment_multipliers{1984} process[recruit_E].recruitment_multipliers{1985} process[recruit_E].recruitment_multipliers{1986} process[recruit_E].recruitment_multipliers{1987} process[recruit_E].recruitment_multipliers{1988} process[recruit_E].recruitment_multipliers{1989} process[recruit_E].recruitment_multipliers{1990} process[recruit_E].recruitment_multipliers{1991} process[recruit_E].recruitment_multipliers{1992} process[recruit_E].recruitment_multipliers{1993} process[recruit_E].recruitment_multipliers{1994} process[recruit_E].recruitment_multipliers{1995} process[recruit_E].recruitment_multipliers{1996} process[recruit_E].recruitment_multipliers{1997} process[recruit_E].recruitment_multipliers{1998} process[recruit_E].recruitment_multipliers{1999} process[recruit_E].recruitment_multipliers{2000} process[recruit_E].recruitment_multipliers{2001} process[recruit_E].recruitment_multipliers{2002} process[recruit_E].recruitment_multipliers{2003} process[recruit_E].recruitment_multipliers{2004} process[recruit_E].recruitment_multipliers{2005} process[recruit_E].recruitment_multipliers{2006} process[recruit_E].recruitment_multipliers{2007} process[recruit_E].recruitment_multipliers{2008} process[recruit_E].recruitment_multipliers{2009} process[recruit_E].recruitment_multipliers{2010} process[recruit_E].recruitment_multipliers{2011} process[recruit_E].recruitment_multipliers{2012} process[recruit_E].recruitment_multipliers{2013} process[recruit_E].recruitment_multipliers{2014} process[recruit_E].recruitment_multipliers{2015} process[recruit_E].recruitment_multipliers{2016} process[recruit_W].recruitment_multipliers{1977} process[recruit_W].recruitment_multipliers{1978} process[recruit_W].recruitment_multipliers{1979} process[recruit_W].recruitment_multipliers{1980} process[recruit_W].recruitment_multipliers{1981} process[recruit_W].recruitment_multipliers{1982} process[recruit_W].recruitment_multipliers{1983} process[recruit_W].recruitment_multipliers{1984} process[recruit_W].recruitment_multipliers{1985} process[recruit_W].recruitment_multipliers{1986} process[recruit_W].recruitment_multipliers{1987} process[recruit_W].recruitment_multipliers{1988} process[recruit_W].recruitment_multipliers{1989} process[recruit_W].recruitment_multipliers{1990} process[recruit_W].recruitment_multipliers{1991} process[recruit_W].recruitment_multipliers{1992} process[recruit_W].recruitment_multipliers{1993} process[recruit_W].recruitment_multipliers{1994} process[recruit_W].recruitment_multipliers{1995} process[recruit_W].recruitment_multipliers{1996} process[recruit_W].recruitment_multipliers{1997} process[recruit_W].recruitment_multipliers{1998} process[recruit_W].recruitment_multipliers{1999} process[recruit_W].recruitment_multipliers{2000} process[recruit_W].recruitment_multipliers{2001} process[recruit_W].recruitment_multipliers{2002} process[recruit_W].recruitment_multipliers{2003} process[recruit_W].recruitment_multipliers{2004} process[recruit_W].recruitment_multipliers{2005} process[recruit_W].recruitment_multipliers{2006} process[recruit_W].recruitment_multipliers{2007} process[recruit_W].recruitment_multipliers{2008} process[recruit_W].recruitment_multipliers{2009} process[recruit_W].recruitment_multipliers{2010} process[recruit_W].recruitment_multipliers{2011} process[recruit_W].recruitment_multipliers{2012} process[recruit_W].recruitment_multipliers{2013} process[recruit_W].recruitment_multipliers{2014} process[recruit_W].recruitment_multipliers{2015} process[recruit_W].recruitment_multipliers{2016} selectivity[M_male].x0 selectivity[M_male].y0 selectivity[M_male].y1 selectivity[M_male].y2 selectivity[M_female].x0 selectivity[M_female].y0 selectivity[M_female].y1 selectivity[M_female].y2 selectivity[sel_Whome].v{1} selectivity[sel_Whome].v{2} selectivity[sel_Whome].v{3} selectivity[sel_Whome].v{4} selectivity[sel_Whome].v{5} selectivity[sel_Whome].v{6} selectivity[sel_Whome].v{7} selectivity[sel_Espmg_Male].v{1} selectivity[sel_Espmg_Male].v{2} selectivity[sel_Espmg_Male].v{3} selectivity[sel_Espmg_Male].v{4} selectivity[sel_Espmg_Male].v{5} selectivity[sel_Espmg_Male].v{6} selectivity[sel_Espmg_Male].v{7} selectivity[sel_Espmg_Male].v{8} selectivity[sel_Wspmg_Male].v{1} selectivity[sel_Wspmg_Male].v{2} selectivity[sel_Wspmg_Male].v{3} selectivity[sel_Wspmg_Male].v{4} selectivity[sel_Wspmg_Male].v{5} selectivity[sel_Wspmg_Male].v{6} selectivity[sel_Wspmg_Male].v{7} selectivity[sel_Wspmg_Male].v{8} selectivity[sel_Espmg_Female].v{1} selectivity[sel_Espmg_Female].v{2} selectivity[sel_Espmg_Female].v{3} selectivity[sel_Espmg_Female].v{4} selectivity[sel_Espmg_Female].v{5} selectivity[sel_Espmg_Female].v{6} selectivity[sel_Espmg_Female].v{7} selectivity[sel_Espmg_Female].v{8} selectivity[sel_Wspmg_Female].v{1} selectivity[sel_Wspmg_Female].v{2} selectivity[sel_Wspmg_Female].v{3} selectivity[sel_Wspmg_Female].v{4} selectivity[sel_Wspmg_Female].v{5} selectivity[sel_Wspmg_Female].v{6} selectivity[sel_Wspmg_Female].v{7} selectivity[sel_Wspmg_Female].v{8} selectivity[Enspsl].mu selectivity[Enspsl].sigma_l selectivity[Enspsl].sigma_r selectivity[Wnspsl].mu selectivity[Wnspsl].sigma_l selectivity[Wnspsl].sigma_r selectivity[Espsl].a50 selectivity[Espsl].ato95 time_varying[shifted_a50].a selectivity[CRsl].mu selectivity[CRsl].sigma_l selectivity[CRsl].sigma_r selectivity[SAsl].mu selectivity[SAsl].sigma_l selectivity[SAsl].sigma_r 
0.602206 0.53057 0.0786665 0.0852433 0.0743877 14.0858 0.344627 0.320212 0.474292 0.527932 0.950687 0.72644 0.263055 0.350561 0.225327 0.38227 0.445788 0.376709 0.209973 1.01497 0.971011 0.441808 0.133921 0.413001 0.422599 0.399801 0.621993 0.277822 0.300084 0.507877 0.308013 0.06 0.531205 0.165909 0.301516 0.528492 0.588644 0.528448 0.665448 0.564791 0.380083 0.720355 0.118376 0.884766 0.329779 0.356359 2.01852 0.425919 0.701541 0.621057 0.602985 0.456942 0.502584 0.58791 0.484524 0.921127 0.833484 0.329759 0.153251 1.52261 0.876916 0.0838314 0.0773751 0.855881 1.29853 0.353712 1.01372 0.219875 0.201085 0.251273 0.187698 0.06 0.33393 0.0863491 0.738095 0.447908 0.492439 0.501238 0.725393 0.590129 0.679778 0.456964 0.121577 1.16738 0.349684 0.317474 2.01857 7.06399 0.182187 1.43768 1.57165 6.50365 0.0886871 1.72185 0.810937 0.13545 0.0518696 0.264775 0.366566 0.321253 0.719069 0.999999 0.0026002 0.131857 0.419112 0.651219 0.65666 0.739994 0.819483 0.564679 0.218326 0.671785 0.779087 0.801762 0.868218 0.745361 0.638533 0.54154 0.000389482 0.0648917 0.203694 0.373348 0.37247 0.472804 0.619945 0.6 0.121337 0.332407 0.234791 0.502737 0.545249 0.54469 0.700555 0.6 71.0877 10.7585 44 67.532 12.6179 27.028 44.8009 4 -0.0913725 64 17.064 38.312 84 44 44 
covariance_matrix {matrix}
0.00366511 -0.00128345 0.000108819 -0.000231717 -0.000164171 0.000208081 -0.000802959 -0.000902536 -0.000909797 -0.000656832 -0.00213806 -0.00145242 -7.67289e-05 -8.70911e-05 -7.99599e-05 -0.00034805 5.35175e-05 7.35512e-05 7.15387e-05 0.000526401 0.000659565 0.000514633 0.000141536 0.000399264 0.000423423 0.000478539 0.00053223 0.000306493 0.000304355 0.00032676 0.000148936 -1.56824e-13 0.000235737 9.30017e-05 -0.000114737 9.17636e-05 -4.2107e-05 7.56618e-05 -0.00023855 -0.000144343 -0.00045802 -0.000462895 -2.67889e-06 -0.000524949 0.000187154 6.16526e-05 0.000284189 0.000772791 0.000406059 -0.000168612 -0.000834687 -0.000542699 -1.03408e-05 0.000289704 7.34904e-05 -6.37997e-05 -0.000303244 -8.01882e-05 4.70315e-06 0.000248566 -4.56481e-05 5.84773e-06 -9.75396e-06 -0.000383552 -0.000736377 -0.000232282 -0.000492356 -0.00013551 -0.000120638 4.15349e-05 0.000111446 3.14675e-15 0.000224809 3.40325e-05 0.000234177 0.000184211 0.000346664 0.0001017 0.00030951 0.000143288 0.00013145 0.000683043 -5.41027e-06 -7.08834e-06 -0.00020409 -9.53323e-05 0.000285192 0.000246482 -0.00010038 -0.000151099 -9.73257e-05 -0.00107016 -0.000105488 0.000152783 0.000580662 0.000259057 1.83033e-05 0.000518422 6.24891e-05 -0.000305277 -0.000150081 5.67565e-10 -4.27811e-07 -2.87721e-05 -0.000252189 -0.000181936 -7.68372e-05 0.000377469 0.000353499 0.000197769 2.76546e-05 -3.05553e-05 -5.30583e-05 -8.21182e-05 -8.63729e-05 -0.000289647 -0.000234959 9.63103e-05 1.04647e-07 -1.29857e-05 -5.525e-05 -0.000303291 -0.000296658 -0.00039719 -0.000443328 5.42337e-12 -4.83518e-05 -9.35985e-05 -3.30057e-05 -4.98608e-05 0.000193197 0.000505752 0.000213263 5.70466e-13 0.0169855 0.00834363 -6.13478e-10 -0.00416056 -0.00160191 -0.0171282 -0.000138011 6.09056e-10 -3.00171e-05 -8.06796e-11 0.00206629 -0.00390103 -2.43364e-10 -4.70257e-10 -5.80802e-10 
-0.00128345 0.00667363 -4.49053e-05 0.000929282 0.000631183 -0.00291601 0.00159125 0.000270664 0.000914027 0.000669945 6.44995e-05 4.79968e-05 0.000553376 9.64645e-05 0.000274584 -0.000218293 0.000484949 0.000443279 8.63586e-05 0.000570101 0.000655385 0.000202619 1.01526e-06 0.000404832 0.000119101 7.63285e-05 0.000405685 4.0616e-05 8.10624e-05 0.000372037 0.000347201 1.71184e-13 0.000322862 3.2893e-05 0.000410301 0.000249791 0.000650424 0.000315624 0.000946445 0.000224976 0.00124967 0.000884354 -0.000160215 0.00158986 -0.000153446 -0.000266745 -0.000602844 -0.00183959 -0.00338931 -0.00144002 -0.00157991 -0.000985789 0.000247186 0.000994049 0.000146199 -0.000186219 0.000158448 0.000182643 -6.28915e-05 0.000372639 0.000111021 -2.17799e-05 4.11844e-05 0.000406743 0.00143743 0.000349747 0.000805875 0.000261297 0.000238976 -1.59509e-05 -0.000222617 -5.67573e-15 -0.00036208 -3.63965e-05 -0.000410265 -2.91716e-05 -0.000248673 0.000332064 6.60335e-05 0.000634104 -0.000299943 -0.000688301 0.000296297 -0.00077532 0.000168172 -9.84597e-05 -0.000604958 0.00590722 1.43828e-05 0.000820516 -0.000594739 0.00900427 -8.58611e-05 0.000794909 -0.000564783 -0.0010183 -0.000516941 -0.00116295 -0.00206536 -0.000493579 0.000105288 1.27631e-08 -1.77894e-06 -5.09392e-05 0.000246901 0.00106105 0.0014441 0.0017746 0.000211246 0.000782399 3.52848e-05 -0.000145807 -0.000192946 -0.000634257 -0.000478549 -0.00123335 -0.00082693 8.22665e-05 6.88853e-07 -2.17797e-05 0.000292075 0.000713263 0.000870903 0.00132765 0.00272374 1.33615e-10 -6.64031e-05 0.000177677 0.000206579 -0.000165566 1.98588e-06 -0.000174298 -0.00146746 8.03709e-11 -0.00671155 -0.00538153 -1.41055e-08 -0.00130938 -0.000628434 -0.0177319 0.00106036 1.72273e-08 3.232e-05 2.42703e-09 -0.00737659 0.00201974 -6.41853e-09 -1.26651e-08 -1.37809e-08 
0.000108819 -4.49053e-05 2.30033e-05 -7.0095e-06 -6.92147e-06 -2.859e-05 -3.10527e-05 -6.53127e-05 -5.13369e-05 -2.25368e-05 -0.000119273 -0.000112877 -5.1825e-06 6.22351e-07 -2.94692e-06 -2.18591e-05 -2.74719e-06 5.8436e-06 4.43773e-06 1.9844e-05 2.48612e-05 1.82506e-05 5.01904e-06 2.09608e-05 2.0883e-05 2.55413e-05 2.9884e-05 1.42079e-05 1.21143e-05 1.74732e-05 6.59443e-06 -8.5858e-15 6.00178e-07 2.10081e-06 -7.97187e-06 5.8642e-07 -4.21346e-06 2.15524e-06 3.30182e-06 4.35754e-06 7.94151e-06 -7.8224e-06 -3.64624e-07 4.29268e-05 1.48424e-05 4.82459e-06 1.07739e-05 5.04624e-05 2.20136e-05 -1.00563e-05 -6.36657e-05 -4.99048e-05 -4.52755e-06 3.89105e-05 3.52636e-05 4.50358e-05 1.20285e-05 9.28465e-06 5.22427e-06 5.29007e-05 4.45212e-06 2.35505e-06 1.3241e-06 -1.73892e-05 -1.473e-05 -5.91069e-06 -1.50316e-05 -4.53492e-06 -4.99803e-06 1.65418e-06 6.80852e-06 7.34537e-16 7.39101e-06 1.74725e-06 8.36623e-06 6.66784e-06 8.67465e-06 -4.54443e-06 -3.26099e-06 -2.53717e-06 -2.75905e-05 1.0721e-05 -1.0927e-06 -0.000110524 -2.07881e-05 -7.22359e-06 1.07131e-05 1.075e-05 -1.04197e-05 -2.15983e-05 -1.02279e-05 -6.51689e-05 -1.19353e-05 1.14391e-05 3.24987e-05 1.2344e-05 1.5589e-07 4.86448e-05 -7.55686e-06 -2.42613e-05 -1.05638e-05 9.67333e-11 -3.55382e-08 -2.52241e-06 -1.43591e-05 -8.93061e-06 3.28845e-06 3.41212e-05 2.25056e-05 1.81359e-05 2.75412e-06 -5.78338e-06 -7.66077e-07 -7.8086e-06 -7.91938e-06 -2.49643e-05 -1.90996e-05 5.37689e-06 1.49792e-08 -1.06766e-06 -3.31896e-06 -1.42506e-05 -1.00654e-05 -2.14098e-05 -1.57737e-05 1.00813e-12 -4.02226e-06 -9.96769e-06 -1.01813e-05 -1.94892e-06 2.0483e-05 4.01338e-05 8.57064e-06 4.49902e-13 0.00153223 0.000792567 -1.08783e-10 -0.000364786 -3.83761e-05 -0.00157464 -2.28635e-05 1.24813e-10 8.70646e-06 7.73295e-12 -0.000563109 -0.000210485 -4.74472e-11 -9.30608e-11 -1.05222e-10 
-0.000231717 0.000929282 -7.0095e-06 0.000191279 0.000105264 -0.000510606 0.000289444 6.72723e-05 0.000183708 0.000141415 6.91997e-05 4.5373e-05 0.00011864 9.34422e-05 6.58211e-05 -4.96141e-05 8.49748e-05 7.23308e-05 1.53053e-05 5.76068e-05 7.41731e-05 1.06871e-05 -7.26927e-06 5.83839e-05 2.08054e-06 9.48063e-07 5.09154e-05 -1.23699e-06 3.81309e-06 5.34076e-05 5.30235e-05 1.91907e-14 4.7741e-05 2.28984e-06 7.18396e-05 3.8698e-05 0.000111621 4.94085e-05 0.000174007 3.7704e-05 0.000208219 0.000108266 -2.74082e-05 0.000298787 -2.58362e-05 -4.56741e-05 -0.000101144 -0.000323268 -0.000578368 -0.000236303 -0.000248466 -0.00015251 5.40441e-05 0.000187934 4.90328e-05 -1.61241e-06 1.47698e-05 1.46188e-05 -9.9551e-06 0.000103227 2.19986e-05 1.66344e-06 1.1383e-05 5.28558e-05 0.000258506 5.30522e-05 0.000145297 4.50044e-05 4.1733e-05 -1.23377e-05 -4.22201e-05 4.31019e-15 -7.13158e-05 -6.71476e-06 -8.06753e-05 -1.25398e-05 -5.73926e-05 4.98668e-05 -1.08852e-05 0.000102958 -4.91217e-05 -8.55202e-05 4.84739e-05 -0.000233777 2.93086e-05 -1.49042e-05 -0.000101552 0.000985613 2.91232e-06 0.000129707 -9.97047e-05 0.0015613 -1.65265e-05 0.000140095 -0.000112494 -0.000174952 -8.89815e-05 -0.000211176 -0.000355401 -7.92754e-05 2.0333e-05 2.16964e-09 -2.55443e-07 -6.65643e-06 3.23889e-05 0.00018487 0.000248046 0.000296709 3.00014e-05 0.000128642 5.7848e-06 -2.49423e-05 -3.23381e-05 -0.000106538 -7.9905e-05 -0.000205005 -0.000136669 1.32955e-05 1.37665e-07 -2.07878e-06 5.9952e-05 0.000125941 0.00015337 0.000233856 0.000472105 2.27254e-11 -1.08514e-05 2.97801e-05 2.88705e-05 -2.93718e-05 -3.0468e-06 -3.7805e-05 -0.000253467 1.37158e-11 -0.00137396 -0.00100476 -2.39836e-09 -0.000254121 0.000353778 -0.00283816 0.000256054 2.93157e-09 4.49816e-06 4.15891e-10 -0.00115402 0.00043322 -1.09196e-09 -2.15483e-09 -2.34349e-09 
-0.000164171 0.000631183 -6.92147e-06 0.000105264 0.000100027 -0.00033498 0.000181204 2.27057e-05 9.16242e-05 5.36152e-05 -4.6437e-05 -5.43724e-06 6.88017e-05 -1.78612e-05 5.00521e-05 1.57873e-05 3.51759e-05 5.19712e-05 1.49455e-05 8.23461e-05 9.84025e-05 3.01388e-05 3.84277e-06 4.96257e-05 1.91e-05 1.13949e-05 5.20755e-05 8.61173e-06 1.47125e-05 4.83878e-05 4.3853e-05 3.08369e-14 4.70138e-05 7.00821e-06 5.22319e-05 4.316e-05 9.08422e-05 5.13661e-05 0.000123754 4.26872e-05 0.000121151 0.000122614 -1.80768e-05 0.00015471 -3.69086e-05 -3.52337e-05 -7.63087e-05 -0.000221972 -0.000416447 -0.000184795 -0.000205884 -0.000127283 2.54996e-05 0.00010424 -1.63099e-05 -8.08678e-05 1.52649e-05 4.23014e-05 -9.14714e-06 -1.53141e-05 -2.65453e-06 -1.08026e-05 -1.17816e-06 5.04349e-05 0.000165594 4.9252e-05 0.000100424 3.11757e-05 2.73829e-05 3.01664e-06 -2.24028e-05 -4.35312e-15 -3.81968e-05 -3.18971e-06 -4.31825e-05 -5.0328e-06 -3.02071e-05 3.76901e-05 7.27316e-06 6.72043e-05 2.33106e-06 -7.33847e-05 4.19116e-05 8.29722e-05 1.02458e-05 -1.47713e-05 -7.65239e-05 0.000731995 2.12375e-06 0.00010336 -7.26489e-05 0.00109126 -1.01651e-05 9.64982e-05 -6.19304e-05 -0.000119335 -6.16967e-05 -0.000141835 -0.000250049 -6.19914e-05 1.2042e-05 1.54538e-09 -2.46063e-07 -6.50224e-06 3.03508e-05 0.000128436 0.000174306 0.000217479 2.88066e-05 0.000101308 4.14013e-06 -1.58685e-05 -2.43727e-05 -7.77719e-05 -5.88129e-05 -0.000151735 -0.000102286 7.54082e-06 1.79197e-08 -1.65737e-06 1.99527e-05 7.44665e-05 9.62033e-05 0.000157766 0.000328435 1.61686e-11 -8.23223e-06 2.40615e-05 3.6884e-05 -2.10071e-05 -1.51484e-06 -1.95017e-05 -0.000177109 9.706e-12 -0.000895703 -0.000706807 -1.70716e-09 -0.000121135 -0.000290561 -0.00210287 0.000184125 2.08403e-09 2.34612e-08 2.92334e-10 -0.000951846 0.00018447 -7.7658e-10 -1.53227e-09 -1.66775e-09 
0.000208081 -0.00291601 -2.859e-05 -0.000510606 -0.00033498 0.00209799 -0.000785675 -5.33944e-05 -0.000417472 -0.000266015 0.000527122 0.000459662 -0.000278885 -0.000125548 -0.000194198 0.000157996 -0.000273178 -0.000298023 -9.39007e-05 -0.000551088 -0.000665238 -0.000289417 -4.26427e-05 -0.000412782 -0.00025819 -0.000230082 -0.000504545 -0.000145841 -0.000163942 -0.000381732 -0.000267658 -1.47429e-14 -0.000252979 -2.87146e-05 -0.000198972 -9.52866e-05 -0.00029223 -0.000110201 -0.000391376 5.52351e-05 -0.00058554 -2.92657e-05 0.000161087 -0.000457594 6.66078e-05 0.000139504 0.000234227 0.000961183 0.00191791 0.000914568 0.00107478 0.000625736 -0.000228967 -0.000761906 -0.000207747 -3.6083e-05 -7.22076e-05 -9.78594e-05 2.12942e-05 -0.000430625 -0.00015327 -8.97298e-06 -3.82131e-05 -0.000220841 -0.000930372 -0.000210661 -0.000590425 -0.000162085 -0.000138347 -1.51344e-05 9.04542e-05 6.99185e-15 0.000172607 1.34342e-05 0.000226964 2.53628e-05 0.000124553 -0.000139799 5.65369e-05 -0.000264802 0.000414964 0.000298333 -0.00017154 0.00106956 -4.27765e-05 7.0464e-05 0.00023565 -0.00332954 -8.88497e-06 -0.00038115 0.000334523 -0.00469307 5.95582e-05 -0.000487046 0.000181167 0.00057266 0.000306265 0.000643402 0.00114473 0.000319077 -3.55274e-05 -7.22371e-09 1.60249e-06 5.47026e-05 -4.93574e-05 -0.000591099 -0.000790302 -0.00104588 -0.000173039 -0.000449971 -2.44041e-05 9.07456e-05 0.000130386 0.000364176 0.000278367 0.000732081 0.000499621 -3.32436e-05 -2.6051e-07 2.0266e-05 -0.000124543 -0.000347981 -0.000441564 -0.000700079 -0.0014386 -7.55334e-11 4.78414e-05 -6.88214e-05 -9.79835e-05 0.000144348 6.76215e-06 3.75963e-05 0.00078517 -4.49846e-11 0.00161834 0.00167457 7.9807e-09 0.00165632 -0.00159849 0.0121239 -0.00072779 -9.72348e-09 -8.99108e-05 -1.34232e-09 0.00437356 -0.000649458 3.62552e-09 7.15224e-09 7.79396e-09 
-0.000802959 0.00159125 -3.10527e-05 0.000289444 0.000181204 -0.000785675 0.000656213 0.000374902 0.000569983 0.000446197 0.000614173 0.000371183 0.000175276 0.000127623 9.73852e-05 1.19512e-05 9.2999e-05 5.17116e-05 -1.58633e-05 -0.000131556 -0.000169712 -0.000181427 -5.98122e-05 -7.75865e-05 -0.000165634 -0.000196465 -0.000171035 -0.000133836 -0.000128218 -9.53647e-05 -1.29227e-05 6.80806e-14 -5.65291e-05 -3.67663e-05 0.000126201 9.59672e-06 0.000153836 4.386e-05 0.000321335 0.000105923 0.000496253 0.000313288 -4.0299e-05 0.000685522 -7.03957e-05 -7.01561e-05 -0.000150967 -0.000599985 -0.00087643 -0.000329853 -0.000200744 -8.27089e-05 0.000130463 0.000277734 0.00011403 0.000138076 0.000182616 7.52065e-05 -2.20553e-06 0.000153491 7.09116e-05 8.03974e-06 2.26676e-05 0.000216761 0.000640437 0.000155408 0.000367564 0.000105963 9.33108e-05 -2.74845e-05 -8.54353e-05 5.68227e-15 -0.000166217 -1.86769e-05 -0.000157341 -7.50068e-05 -0.000183067 2.00241e-05 -0.000145801 5.67445e-05 -0.000208572 -0.000372882 6.09041e-05 -0.00059963 7.38495e-05 -6.92343e-07 -0.000151765 0.00118947 3.17499e-05 0.000164639 -0.000101996 0.00206457 2.34731e-06 0.000157187 -0.000233654 -0.000294091 -0.000123749 -0.000377068 -0.000428397 -2.03694e-05 5.94793e-05 2.7324e-09 -7.69703e-08 2.95526e-06 0.000101932 0.000291284 0.000326268 0.000297747 -3.76409e-05 0.000128428 4.15329e-06 -2.77737e-05 -3.6669e-05 -0.000109166 -7.82093e-05 -0.000196135 -0.000122281 -2.28562e-05 1.81316e-07 5.77603e-06 9.50769e-05 0.000246251 0.000270532 0.000396952 0.000676595 2.87449e-11 -5.12605e-06 4.57583e-05 4.07704e-05 -5.58467e-05 -6.85904e-05 -0.000159882 -0.000358092 1.78878e-11 -0.00530554 -0.00305802 -3.02548e-09 0.000573193 0.00138951 0.000143115 7.0546e-05 3.72588e-09 3.4899e-05 5.62429e-10 -0.00157669 0.00167621 -1.38456e-09 -2.73423e-09 -2.95994e-09 
-0.000902536 0.000270664 -6.53127e-05 6.72723e-05 2.27057e-05 -5.33944e-05 0.000374902 0.0033627 0.00156435 0.000945354 0.000817816 0.000642751 0.000147731 0.000123661 2.58607e-05 -4.41293e-05 -0.000119806 -0.000155493 -0.000108002 -0.000688591 -0.000807302 -0.000437365 -0.000139411 -0.000408954 -0.000434547 -0.00044254 -0.000615684 -0.000297491 -0.000317531 -0.000446295 -0.00026356 -5.83388e-14 -0.000399216 -0.000138822 -7.65821e-05 -0.000355584 -0.000331945 -0.000408824 -0.000285372 -0.00042814 6.45629e-05 -0.000565513 -0.000119144 -0.000419525 -0.00029885 -2.85381e-05 0.000479472 -0.00034734 -0.000109563 -0.00029964 0.0003022 0.000760693 0.000851051 0.000636595 0.000165352 0.000283759 0.000139421 4.5415e-05 2.41234e-05 6.33832e-05 0.000350719 4.96867e-05 3.33792e-05 0.000194744 0.000599192 4.05681e-05 0.000309971 6.97743e-05 5.77435e-05 -8.99339e-05 -8.28988e-05 -1.09261e-15 -0.000168982 -2.13299e-05 -0.000214314 -0.000155681 -0.000233756 -9.07203e-05 -0.000309231 -0.000170647 -0.00037163 -0.000303991 -9.7794e-06 -0.00092293 -2.32469e-05 4.52536e-05 0.00047886 -0.00122273 0.00019284 -0.000388977 0.000268633 -0.00248295 0.000127989 -0.000103582 0.00018834 -4.63781e-05 3.77401e-07 -0.000513864 0.000799037 0.000464304 0.000105504 -2.42459e-09 1.49156e-07 -9.69137e-06 -6.70429e-05 0.000151761 -0.000335402 -0.000610798 -0.000204862 -0.000256451 -9.68118e-06 8.6548e-05 -7.55849e-05 0.000263233 0.000206796 0.000478609 0.000332959 -0.000243427 1.87211e-07 1.20049e-05 4.10785e-05 0.000117668 -4.19896e-05 0.000145 -0.000517827 -2.5692e-11 3.13238e-05 -2.72299e-05 0.000128491 -0.00029634 -0.000503829 -0.000413113 0.000298648 -1.46635e-11 -0.0175937 -0.00798106 2.72376e-09 0.00309852 0.0114644 0.0212929 -3.33146e-05 -3.28949e-09 2.66541e-05 -4.0731e-10 0.00210275 0.00317886 1.22999e-09 2.42447e-09 2.65633e-09 
-0.000909797 0.000914027 -5.13369e-05 0.000183708 9.16242e-05 -0.000417472 0.000569983 0.00156435 0.00469205 0.00115001 0.000476196 0.000288816 0.000240612 6.90593e-05 1.7964e-05 -0.000161091 -0.000130782 -0.000153856 -0.000120829 -0.000756779 -0.000856262 -0.000459643 -0.000150955 -0.00038252 -0.000453269 -0.000458495 -0.000613088 -0.000313237 -0.000328042 -0.000427693 -0.000245645 -7.09822e-14 -0.00040429 -0.000149016 -5.59435e-05 -0.000368646 -0.00028382 -0.000395708 -0.000145172 -0.000388986 0.000258716 -0.000423783 -0.000132914 0.000106088 -0.000370148 -5.48693e-05 0.00054492 -0.000465555 -0.000539181 -0.000639728 -0.000183183 0.00052167 0.00101814 0.00106736 0.0003547 0.000451987 0.000215014 0.000155277 4.75995e-05 0.000282957 0.000433991 5.7647e-05 4.73943e-05 0.00025704 0.000895148 9.86036e-05 0.000446869 0.000110587 9.13859e-05 -8.87441e-05 -9.21471e-05 1.386e-15 -0.00020061 -2.37817e-05 -0.00024217 -0.000155712 -0.000268997 -6.48102e-05 -0.000365981 -0.000148273 -0.000494585 -0.000469183 8.45179e-06 -0.0016137 -0.000150505 3.48226e-06 0.000543976 -0.000546181 0.000193867 -0.000427627 0.000195133 -0.00197818 9.88781e-05 5.62354e-05 0.000299551 -0.000146153 -7.01644e-05 -0.00054718 0.000640231 0.000382046 9.40269e-05 -6.76452e-10 -1.25873e-07 -2.32323e-05 -0.000123775 0.000296667 -0.000184361 -0.000334479 -0.000119949 -0.000111688 6.96958e-06 5.57307e-05 -0.00011867 0.000194769 0.000146991 0.000291578 0.000199259 -0.000269769 3.69839e-07 1.31559e-05 7.26353e-05 0.000173442 2.39409e-05 0.000264092 -0.00031095 -7.43112e-12 1.00364e-05 -5.63964e-05 0.000142168 -0.000391434 -0.000513525 -0.000338532 0.000191435 -4.1914e-12 -0.0150325 -0.00687133 7.88245e-10 0.00185863 0.0136547 0.0158135 -0.00054039 -9.52511e-10 4.53211e-05 -1.09194e-10 0.0020034 0.00326779 3.56132e-10 7.02044e-10 7.68908e-10 
-0.000656832 0.000669945 -2.25368e-05 0.000141415 5.36152e-05 -0.000266015 0.000446197 0.000945354 0.00115001 0.00411019 0.000733265 0.000147866 7.69122e-05 4.71981e-05 -8.0829e-05 -9.12019e-05 -0.000108703 -0.000160719 -0.000100988 -0.000596747 -0.000652747 -0.000365177 -0.000115094 -0.000285672 -0.000327754 -0.00034667 -0.000441892 -0.000232365 -0.000233105 -0.000284169 -0.000167706 -8.78398e-14 -0.000286042 -0.000105813 -3.95905e-05 -0.000254497 -0.000182173 -0.000247329 -3.911e-05 -0.000172407 0.000315609 -0.00012238 -5.76328e-05 0.000592689 -0.000227716 -1.70171e-05 0.000275918 -0.00027776 -0.000196513 -0.000228956 6.93653e-05 0.000330066 0.000524538 0.000666305 0.000453828 0.000637098 0.000216554 0.000108887 6.32092e-05 0.000386684 0.000326042 6.54691e-05 5.89144e-05 0.000242519 0.000710382 0.000118313 0.000359906 9.06511e-05 7.03169e-05 -5.40708e-05 -5.00645e-05 5.65088e-15 -0.000129651 -2.05336e-05 -0.00014254 -0.000119105 -0.000207566 -8.26248e-05 -0.000333112 -0.00020762 -0.000488714 -0.000523887 -4.638e-05 -0.00201876 -0.000151717 1.9058e-05 0.00027514 -0.000607162 0.000115537 -0.00029381 0.000138766 -0.00131676 6.04989e-05 3.46116e-06 7.28612e-05 -9.59176e-05 -2.275e-05 -0.00022704 0.000370144 0.000254932 6.48516e-05 -8.26212e-10 -1.51552e-08 -5.95e-06 -7.50488e-05 0.000168227 -0.000106964 -0.000283209 -0.000140733 -0.000131751 4.77088e-06 1.24111e-05 -2.70371e-05 0.000138305 0.00010611 0.000237225 0.000169452 -0.00017231 2.41833e-07 1.34559e-05 5.61924e-05 0.000164177 9.58797e-05 0.000176576 -0.000157637 -8.58381e-12 1.06144e-05 -6.19154e-05 -1.4056e-05 -0.000190167 -0.000252957 -0.000206084 0.000118186 -4.43932e-12 -0.00751021 -0.0033557 9.17038e-10 0.000629749 0.0101765 0.00877898 -0.0012644 -1.08394e-09 6.02187e-05 -1.04925e-10 0.00171517 0.002532 4.0812e-10 8.02664e-10 8.91201e-10 
-0.00213806 6.44995e-05 -0.000119273 6.91997e-05 -4.6437e-05 0.000527122 0.000614173 0.000817816 0.000476196 0.000733265 0.01214 0.00283541 -0.000531552 0.000632735 -0.000354079 0.000991337 9.44274e-05 -0.000306754 -5.0671e-05 -0.000415979 -0.000449936 -0.000519892 -0.000146924 -0.000487801 -0.000365768 -0.00054125 -0.00053376 -0.000285122 -0.000243219 -0.000245177 -0.000141526 -2.95815e-13 -0.000177726 -6.8325e-05 7.21859e-05 -6.57685e-05 -7.52438e-05 -8.27493e-05 -0.000113823 0.000155317 -0.00013376 -6.93929e-05 0.000132089 0.000569152 -0.000222035 5.02704e-05 -0.00102897 -0.000772303 0.00153604 0.00247166 0.00408319 0.00172658 -0.00111033 -0.00181803 0.000531835 0.00104081 -0.000250925 -0.000547094 5.42777e-05 3.62083e-05 0.000104155 0.000156303 0.000167628 0.000437021 0.000308049 0.000251698 0.000414177 8.27364e-05 3.00499e-05 -0.000124123 -0.000102828 1.24155e-14 -0.000193124 -6.98477e-05 -0.000177132 -0.000319057 -0.000364314 -0.000314029 -0.000479453 -0.000753546 -0.000207392 -0.000875618 -0.000368158 -0.0032484 0.000279329 0.000376055 -0.00102969 -0.00353684 0.000145426 0.000302946 0.00046254 0.000692319 0.000228662 -0.000837104 -0.00203987 -0.000106452 0.000278177 -0.000346946 -2.75136e-05 0.000744076 0.000313383 -8.47252e-09 9.50144e-07 0.000107804 0.000329808 -0.000181099 -0.000188931 -0.00177621 -0.00114782 -0.00115962 -0.000103203 2.40316e-05 0.000461168 0.000361353 0.000357958 0.0012752 0.000987394 -3.26522e-06 -9.99142e-07 3.3221e-05 3.25333e-05 0.000561831 0.000711692 0.000395338 0.000484471 -8.66241e-11 0.000165693 0.000131657 -0.000575488 0.000725592 0.000143844 -0.00101991 -0.00011135 -4.32846e-11 -0.0273102 -0.0130153 9.27965e-09 0.0058653 0.0104619 0.037288 -0.00216339 -1.08667e-08 0.000121291 -9.98855e-10 0.000750436 0.00674306 4.10346e-09 8.06328e-09 9.00404e-09 
-0.00145242 4.79968e-05 -0.000112877 4.5373e-05 -5.43724e-06 0.000459662 0.000371183 0.000642751 0.000288816 0.000147866 0.00283541 0.00701621 9.5935e-05 0.000586297 5.53105e-05 0.000149658 0.00021364 -3.68346e-05 -5.05643e-05 -0.000404955 -0.000552789 -0.000401227 -0.000122358 -0.00036819 -0.000355506 -0.00036163 -0.000447724 -0.000224145 -0.000230697 -0.000259308 -0.000123895 1.40049e-13 -0.000136503 -5.63989e-05 8.76467e-05 -5.13507e-05 -1.46444e-05 -8.00771e-05 -5.40859e-05 2.26351e-05 -0.000163952 3.77469e-05 9.70101e-05 -0.000534697 4.84466e-05 -1.95282e-05 -0.000445481 -0.000571389 0.000280628 0.000801949 0.00170549 0.00095983 -0.000334257 -0.00119093 -0.000544758 -0.000472031 -0.000181969 -0.000407184 -9.38893e-05 -0.000492968 -0.000167743 -6.13093e-06 -1.02261e-05 4.71462e-05 -0.000132024 -5.90499e-05 4.42633e-06 3.63792e-06 3.09418e-05 -9.63791e-05 -0.000141319 4.44958e-14 -0.000195377 -3.50204e-05 -0.000226636 -0.00013186 -0.000188457 -1.18111e-05 5.92365e-05 0.000105939 0.00052395 8.54439e-05 -6.51688e-05 0.00161226 0.000547417 0.000172853 -0.000446086 -0.0010932 6.21548e-05 0.000330642 0.000166199 0.0011119 0.000128836 -0.000387855 -0.000859091 -9.27175e-05 8.15205e-05 -0.000565704 6.14637e-05 0.000377593 0.000161658 -2.91317e-09 1.22704e-06 6.30177e-05 0.000297492 -8.98431e-05 -0.000125424 -0.00072942 -0.000445539 -0.000407772 -6.08186e-05 8.99051e-05 0.000105169 0.000141669 0.000148065 0.000514518 0.000397162 3.46569e-05 -1.24853e-08 -4.00339e-07 0.000160493 0.000195248 0.000152554 0.000175709 0.000192104 -3.00853e-11 8.37088e-05 0.000184971 1.32919e-05 0.000251755 -0.000148607 -0.000634432 -0.00011407 -1.48695e-11 -0.0217931 -0.010896 3.2248e-09 0.00638645 -0.00440999 0.0255054 0.0016818 -3.77083e-09 -5.51806e-05 -3.31522e-10 -0.00116983 0.00314024 1.42459e-09 2.79918e-09 3.12846e-09 
-7.67289e-05 0.000553376 -5.1825e-06 0.00011864 6.88017e-05 -0.000278885 0.000175276 0.000147731 0.000240612 7.69122e-05 -0.000531552 9.5935e-05 0.00179435 0.000176664 0.000135626 -0.000203137 4.17002e-05 4.21739e-05 5.48789e-06 -0.000127417 -0.000111749 -4.71377e-05 -2.29757e-05 1.19278e-05 -6.05028e-05 -1.27176e-05 -2.57246e-05 -1.50633e-05 -2.10986e-05 9.07555e-06 1.83362e-05 4.39352e-14 2.56083e-05 -3.97305e-06 4.90054e-05 2.61508e-05 9.96288e-05 3.68922e-05 0.000168252 4.20366e-05 -0.000171711 2.13686e-06 2.19549e-05 7.23171e-05 -0.000138052 -6.21929e-05 9.08641e-05 -0.000219598 -0.000651298 -0.000507543 -0.000597853 -0.000181474 0.000287926 0.000356042 -0.000155829 -0.000402407 -0.000174873 2.15774e-05 -2.83223e-05 -3.89957e-05 -3.50676e-05 -3.25117e-05 -2.39944e-05 -0.000111622 8.36629e-05 -5.35317e-05 2.33158e-05 7.5176e-06 1.90664e-05 -3.85339e-05 -4.68948e-05 2.60094e-14 -7.3228e-05 -2.13348e-06 -8.31638e-05 5.35779e-06 -2.78901e-05 9.49543e-05 9.01236e-05 0.000211719 0.000434127 0.000274705 4.74398e-05 0.000812591 -6.80575e-05 -5.57145e-05 9.05835e-05 0.000988003 1.62908e-06 8.37387e-06 -9.95105e-05 0.00102319 -3.53729e-05 0.000206898 0.000131043 -0.000113436 -0.00010078 -0.000261678 -0.000176311 -8.65118e-05 -4.3827e-06 2.32415e-09 -2.23345e-08 -1.12359e-05 -9.86374e-05 0.000178886 0.000165957 0.000352439 0.000136378 0.000219162 1.2101e-05 2.23668e-06 -9.75596e-05 -9.36155e-05 -7.72692e-05 -0.000242971 -0.000176857 -1.48903e-05 2.59184e-07 -1.7277e-06 8.28281e-05 -9.61438e-06 -2.92303e-05 0.000136614 0.000242171 2.39916e-11 -2.15357e-05 2.3958e-05 0.000146053 -0.000144751 -0.000105418 1.10089e-05 -0.000153188 1.35011e-11 -0.00178973 -0.00109858 -2.54706e-09 -0.000225323 0.000303395 -0.00260543 0.000880692 3.06073e-09 -4.38218e-05 3.76554e-10 -0.00053216 -0.000184168 -1.14623e-09 -2.2581e-09 -2.48175e-09 
-8.70911e-05 9.64645e-05 6.22351e-07 9.34422e-05 -1.78612e-05 -0.000125548 0.000127623 0.000123661 6.90593e-05 4.71981e-05 0.000632735 0.000586297 0.000176664 0.00318087 0.000419237 -8.16193e-05 0.000119755 0.000101919 6.63889e-05 -8.27994e-05 -3.83568e-05 -8.4322e-05 -4.32156e-05 6.81729e-06 -7.70414e-05 -6.20263e-06 -1.59043e-05 2.55561e-06 -1.49444e-05 1.40981e-05 6.68685e-06 -4.51742e-14 1.94997e-05 -1.64948e-05 3.23449e-05 -2.41518e-05 -9.36384e-06 -7.59099e-05 -4.73213e-06 -0.000237837 0.000220321 -0.000860506 -0.000130942 -0.000538615 0.000336583 1.16866e-05 -8.402e-05 -0.000165548 -4.74143e-05 0.000194141 0.000388077 0.000246246 2.64347e-05 -9.73224e-05 6.46517e-05 0.000263328 -7.85537e-06 -0.00034006 -5.06361e-05 0.000341951 -2.35183e-05 6.76109e-05 4.25837e-05 -0.000216855 1.76994e-05 -0.000109066 3.66794e-05 -1.25238e-05 2.65213e-06 -8.71443e-05 -5.17447e-05 4.47036e-14 -9.79784e-05 4.48888e-06 -0.0001719 -9.34268e-05 -0.000168555 -7.03232e-05 -0.000236874 4.00694e-05 -0.000371823 0.000567879 0.000105541 -0.000534627 0.000405895 5.33254e-05 -8.42144e-05 0.000127644 -5.58166e-06 9.37864e-05 -1.71799e-05 0.001044 -1.9968e-06 9.59015e-06 -0.000258736 -1.8516e-05 -1.68457e-05 -0.000267965 -0.000163153 2.278e-05 3.27507e-05 2.94429e-10 2.77347e-07 2.48522e-05 8.70058e-05 3.97597e-06 5.26445e-05 -1.40532e-05 -5.68386e-05 -6.31561e-05 -1.32329e-05 1.8826e-05 -4.03193e-06 -2.41652e-05 -7.67466e-06 9.77844e-06 1.68005e-05 7.13566e-05 -3.94438e-09 9.92834e-06 0.000105562 8.35661e-05 8.29468e-05 0.000105988 0.000201093 3.08273e-12 1.23151e-05 6.12093e-05 -3.93267e-05 4.66911e-05 -2.92618e-05 -0.000148397 -0.000123846 2.3293e-12 -0.00478635 -0.00217827 -3.18468e-10 0.000820476 0.000521427 0.0039786 0.00138818 4.12866e-10 -1.77307e-05 8.86821e-11 -0.000319475 0.000702463 -1.51021e-10 -2.99617e-10 -3.14257e-10 
-7.99599e-05 0.000274584 -2.94692e-06 6.58211e-05 5.00521e-05 -0.000194198 9.73852e-05 2.58607e-05 1.7964e-05 -8.0829e-05 -0.000354079 5.53105e-05 0.000135626 0.000419237 0.00157088 9.26126e-05 -3.05601e-05 0.000106338 5.81438e-05 5.33748e-05 7.43552e-05 -1.86933e-05 -4.10621e-06 2.49666e-05 -2.55171e-05 8.7405e-06 1.59013e-05 1.40657e-05 6.12219e-06 1.20895e-05 1.67271e-05 8.96217e-14 3.88581e-05 -1.20221e-06 4.32164e-05 3.9028e-05 6.80196e-05 1.97476e-05 0.00010242 -7.52994e-05 0.000249044 -0.000324049 -0.000116855 -0.000446498 0.000176846 -1.74595e-05 2.90504e-06 -0.000126752 -0.000351414 -0.000227771 -0.000259979 -7.05848e-05 0.000111046 6.95763e-05 -0.000146362 -0.000118365 0.000152133 -1.1513e-05 -4.13907e-05 -6.4076e-05 -8.09036e-05 -1.06542e-05 -1.63045e-05 -7.32772e-05 0.000107009 6.69367e-07 9.51129e-05 1.43887e-05 2.02366e-05 -4.90282e-06 -1.04907e-05 6.25376e-17 -3.66356e-05 1.26834e-05 -8.09534e-05 -4.68037e-05 -0.000109306 -3.81526e-05 -0.000155277 4.28839e-05 -0.00022576 0.000291094 0.000155587 0.00064896 0.000231242 -1.31205e-05 2.80006e-06 0.000688619 -8.11052e-06 8.86579e-05 -7.24949e-05 0.000835154 -1.29817e-05 9.74246e-05 4.41656e-05 -3.82503e-05 -5.11262e-05 -0.00017639 -0.000151505 -6.40539e-05 -2.87332e-06 1.42354e-09 -1.93525e-07 3.25709e-06 9.15341e-05 6.11633e-05 9.41214e-05 0.000213607 7.81695e-05 0.000120064 1.97459e-06 1.23982e-05 -5.46188e-05 -6.71381e-05 -5.28865e-05 -0.000153512 -0.00010978 2.55637e-05 -1.87654e-07 8.01805e-06 -1.14137e-05 -7.19027e-07 -2.40142e-06 7.91935e-05 0.000171496 1.47117e-11 -9.32706e-06 4.33655e-05 9.29172e-05 -5.32405e-05 -5.15501e-05 -1.32169e-05 -0.000116389 8.32972e-12 -0.00140244 -0.000798105 -1.56113e-09 0.000421521 -0.00222137 -0.000705814 0.00125067 1.87854e-09 -3.07784e-05 2.34396e-10 -0.00087534 -9.19687e-05 -7.03214e-10 -1.38543e-09 -1.52144e-09 
-0.00034805 -0.000218293 -2.18591e-05 -4.96141e-05 1.57873e-05 0.000157996 1.19512e-05 -4.41293e-05 -0.000161091 -9.12019e-05 0.000991337 0.000149658 -0.000203137 -8.16193e-05 9.26126e-05 0.00311758 -0.000105624 1.6347e-05 9.16102e-05 0.000257309 0.000253606 -2.95888e-05 3.25922e-05 -3.66025e-05 2.96679e-05 -4.09249e-05 2.37872e-05 2.55891e-05 3.71008e-05 9.42964e-06 9.94107e-06 -8.83102e-14 7.11471e-05 2.80707e-05 3.81936e-05 0.000158335 0.000124598 0.000179782 0.000168199 0.0002593 -0.000313694 -4.08888e-05 -6.44979e-06 -0.000236451 -0.000264358 -7.91197e-06 -0.000336759 -0.000140208 0.000433461 0.000661148 0.000965228 0.000289958 -0.000395017 -0.000492647 7.30723e-05 -9.80698e-06 -0.000124283 7.85196e-05 3.0985e-05 -0.000356629 -0.000121781 -1.32363e-05 1.39354e-05 6.37883e-05 -1.15691e-05 0.000158384 0.000191349 3.29168e-05 -4.46669e-06 1.56734e-05 3.82987e-05 -4.30565e-14 4.02045e-05 -1.85884e-06 6.59521e-05 -7.90693e-05 -7.7795e-05 -0.000177519 -0.000216247 -0.000396019 0.000121674 -0.00012869 -4.86142e-05 -0.000160212 -0.000143893 6.6064e-05 -0.000336686 -0.000788307 3.20434e-05 6.3222e-05 0.000105623 0.000291821 3.97812e-05 -0.000175987 -0.000533301 -4.39451e-06 7.98496e-05 -9.42828e-06 -0.000130768 0.000126671 6.85177e-05 -2.17802e-09 -6.05785e-07 1.82167e-05 2.6277e-05 -2.50196e-05 8.88186e-06 -0.000399957 -0.000280733 -0.000253284 -2.35623e-05 -8.00907e-06 0.000142307 6.45279e-05 6.98257e-05 0.000285884 0.000223521 -1.89029e-05 -8.93349e-07 2.38846e-05 -0.000202074 4.26101e-05 0.000164867 0.000105349 0.00022032 -2.21936e-11 3.58488e-05 2.59388e-05 -0.000124082 0.000215181 0.000110407 -0.000185398 -5.12171e-05 -1.0977e-11 -0.00473881 -0.00210937 2.37973e-09 0.000483164 0.0035616 0.00641347 -0.000322439 -2.77881e-09 1.23266e-05 -2.5149e-10 0.000330154 0.000972678 1.05027e-09 2.0632e-09 2.30792e-09 
5.35175e-05 0.000484949 -2.74719e-06 8.49748e-05 3.51759e-05 -0.000273178 9.2999e-05 -0.000119806 -0.000130782 -0.000108703 9.44274e-05 0.00021364 4.17002e-05 0.000119755 -3.05601e-05 -0.000105624 0.0031231 0.000192009 3.90873e-05 0.000359982 0.00023176 8.95747e-05 3.19729e-05 0.000104723 8.44891e-05 0.000104491 0.00019645 8.05521e-05 6.58319e-05 7.84404e-05 8.06625e-05 -6.85226e-15 9.62478e-05 2.2105e-05 4.11793e-05 5.72517e-05 4.58188e-05 7.25265e-05 7.22463e-05 1.79555e-05 1.7661e-05 -5.89342e-05 -2.48579e-05 -0.000345102 0.000114077 -2.34036e-05 -0.000133782 -0.000196857 -0.000333498 -3.13246e-05 -2.2779e-05 -5.82187e-05 -6.5975e-05 -9.50152e-05 -9.09838e-05 -0.000140736 -0.000157579 -0.000185473 -4.21954e-05 8.53966e-05 -8.40531e-05 7.83532e-06 1.03928e-05 -8.83544e-05 -0.000182181 -6.4328e-05 -6.2937e-05 2.19044e-06 1.19871e-05 -1.66485e-05 -5.66094e-05 1.58e-14 -3.3037e-05 -8.32173e-06 -3.19286e-05 5.7178e-05 8.13298e-05 8.15586e-05 0.000245305 0.000250129 0.000115774 0.000172738 7.60481e-06 0.00011812 0.000169879 7.0889e-06 -0.000133952 0.000771291 -2.48911e-05 0.000184611 -9.59518e-05 0.00160728 -1.90294e-05 8.19863e-05 -0.000159134 -0.000134808 -6.65233e-05 -0.000201756 -0.000337262 -9.1633e-05 1.13507e-05 1.62652e-09 -5.79276e-07 6.03147e-07 4.31859e-05 8.3999e-05 0.000191721 0.000240223 3.77166e-05 7.47797e-05 -2.69932e-06 -1.16657e-05 -2.39898e-05 -0.000104997 -7.48186e-05 -0.000175409 -0.000116154 8.45519e-05 2.95757e-07 -1.14257e-05 8.5194e-05 8.56446e-05 9.98837e-05 0.000137977 0.000381207 1.69309e-11 -3.22858e-06 5.55998e-05 1.16385e-05 4.04154e-05 3.57296e-05 -3.66334e-05 -0.00022067 1.01218e-11 -0.00157782 -0.000868795 -1.78851e-09 0.000270088 -0.00258793 -0.0016697 0.000482116 2.18067e-09 -2.91577e-05 3.03778e-10 -0.000825488 -0.000189908 -8.129e-10 -1.60376e-09 -1.74684e-09 
