*MCMC_Objective[objectives]
starting_covariance_matrix {matrix}
catchability[CSacous].q catchability[WCacous].q catchability[CRsum].q catchability[SAsum].q catchability[SAaut].q observation[CRsumbio].process_error observation[SAsumbio].process_error process[recruit_E].b0 process[recruit_W].b0 process[recruit_E].ycs_values{1975} process[recruit_E].ycs_values{1976} process[recruit_E].ycs_values{1977} process[recruit_E].ycs_values{1978} process[recruit_E].ycs_values{1979} process[recruit_E].ycs_values{1980} process[recruit_E].ycs_values{1981} process[recruit_E].ycs_values{1982} process[recruit_E].ycs_values{1983} process[recruit_E].ycs_values{1984} process[recruit_E].ycs_values{1985} process[recruit_E].ycs_values{1986} process[recruit_E].ycs_values{1987} process[recruit_E].ycs_values{1988} process[recruit_E].ycs_values{1989} process[recruit_E].ycs_values{1990} process[recruit_E].ycs_values{1991} process[recruit_E].ycs_values{1992} process[recruit_E].ycs_values{1993} process[recruit_E].ycs_values{1994} process[recruit_E].ycs_values{1995} process[recruit_E].ycs_values{1996} process[recruit_E].ycs_values{1997} process[recruit_E].ycs_values{1998} process[recruit_E].ycs_values{1999} process[recruit_E].ycs_values{2000} process[recruit_E].ycs_values{2001} process[recruit_E].ycs_values{2002} process[recruit_E].ycs_values{2003} process[recruit_E].ycs_values{2004} process[recruit_E].ycs_values{2005} process[recruit_E].ycs_values{2006} process[recruit_E].ycs_values{2007} process[recruit_E].ycs_values{2008} process[recruit_E].ycs_values{2009} process[recruit_E].ycs_values{2010} process[recruit_E].ycs_values{2011} process[recruit_E].ycs_values{2012} process[recruit_E].ycs_values{2013} process[recruit_E].ycs_values{2014} process[recruit_W].ycs_values{1975} process[recruit_W].ycs_values{1976} process[recruit_W].ycs_values{1977} process[recruit_W].ycs_values{1978} process[recruit_W].ycs_values{1979} process[recruit_W].ycs_values{1980} process[recruit_W].ycs_values{1981} process[recruit_W].ycs_values{1982} process[recruit_W].ycs_values{1983} process[recruit_W].ycs_values{1984} process[recruit_W].ycs_values{1985} process[recruit_W].ycs_values{1986} process[recruit_W].ycs_values{1987} process[recruit_W].ycs_values{1988} process[recruit_W].ycs_values{1989} process[recruit_W].ycs_values{1990} process[recruit_W].ycs_values{1991} process[recruit_W].ycs_values{1992} process[recruit_W].ycs_values{1993} process[recruit_W].ycs_values{1994} process[recruit_W].ycs_values{1995} process[recruit_W].ycs_values{1996} process[recruit_W].ycs_values{1997} process[recruit_W].ycs_values{1998} process[recruit_W].ycs_values{1999} process[recruit_W].ycs_values{2000} process[recruit_W].ycs_values{2001} process[recruit_W].ycs_values{2002} process[recruit_W].ycs_values{2003} process[recruit_W].ycs_values{2004} process[recruit_W].ycs_values{2005} process[recruit_W].ycs_values{2006} process[recruit_W].ycs_values{2007} process[recruit_W].ycs_values{2008} process[recruit_W].ycs_values{2009} process[recruit_W].ycs_values{2010} process[recruit_W].ycs_values{2011} process[recruit_W].ycs_values{2012} process[recruit_W].ycs_values{2013} process[recruit_W].ycs_values{2014} selectivity[M_male].x0 selectivity[M_male].y0 selectivity[M_male].y1 selectivity[M_male].y2 selectivity[M_female].x0 selectivity[M_female].y0 selectivity[M_female].y1 selectivity[M_female].y2 selectivity[sel_Whome].v{1} selectivity[sel_Whome].v{2} selectivity[sel_Whome].v{3} selectivity[sel_Whome].v{4} selectivity[sel_Whome].v{5} selectivity[sel_Whome].v{6} selectivity[sel_Whome].v{7} selectivity[sel_Espmg_Male].v{1} selectivity[sel_Espmg_Male].v{2} selectivity[sel_Espmg_Male].v{3} selectivity[sel_Espmg_Male].v{4} selectivity[sel_Espmg_Male].v{5} selectivity[sel_Espmg_Male].v{6} selectivity[sel_Espmg_Male].v{7} selectivity[sel_Espmg_Male].v{8} selectivity[sel_Wspmg_Male].v{1} selectivity[sel_Wspmg_Male].v{2} selectivity[sel_Wspmg_Male].v{3} selectivity[sel_Wspmg_Male].v{4} selectivity[sel_Wspmg_Male].v{5} selectivity[sel_Wspmg_Male].v{6} selectivity[sel_Wspmg_Male].v{7} selectivity[sel_Wspmg_Male].v{8} selectivity[sel_Espmg_Female].v{1} selectivity[sel_Espmg_Female].v{2} selectivity[sel_Espmg_Female].v{3} selectivity[sel_Espmg_Female].v{4} selectivity[sel_Espmg_Female].v{5} selectivity[sel_Espmg_Female].v{6} selectivity[sel_Espmg_Female].v{7} selectivity[sel_Espmg_Female].v{8} selectivity[sel_Wspmg_Female].v{1} selectivity[sel_Wspmg_Female].v{2} selectivity[sel_Wspmg_Female].v{3} selectivity[sel_Wspmg_Female].v{4} selectivity[sel_Wspmg_Female].v{5} selectivity[sel_Wspmg_Female].v{6} selectivity[sel_Wspmg_Female].v{7} selectivity[sel_Wspmg_Female].v{8} selectivity[Enspsl].mu selectivity[Enspsl].sigma_l selectivity[Enspsl].sigma_r selectivity[Wnspsl].mu selectivity[Wnspsl].sigma_l selectivity[Wnspsl].sigma_r selectivity[Espsl].a50 selectivity[Espsl].ato95 time_varying[shifted_a50].a selectivity[CRsl].mu selectivity[CRsl].sigma_l selectivity[CRsl].sigma_r selectivity[SAsl].mu selectivity[SAsl].sigma_l selectivity[SAsl].sigma_r
0.00199441 -3.23763e-06 -3.35985e-06 -7.97864e-07 -2.9193e-07 3.29249e-07 3.47587e-07 -0.000155675 -2.6247e-06 3.33656e-06 4.64538e-06 5.27413e-06 9.95507e-06 7.41997e-06 2.40307e-06 2.84592e-06 3.33648e-07 1.27885e-06 1.12814e-06 3.79637e-08 -7.15024e-07 -4.21322e-06 -6.3184e-06 -4.53359e-06 -7.22587e-07 -5.92447e-06 -7.0806e-06 -7.59057e-06 -1.31606e-05 -5.88958e-06 -6.30969e-06 -1.07348e-05 -5.423e-06 7.76755e-14 -4.46381e-06 -2.0464e-07 1.00034e-06 2.91123e-06 3.17824e-06 3.82125e-06 5.61773e-06 4.17144e-06 3.31755e-06 8.44615e-06 1.14537e-06 1.22258e-05 3.79969e-07 -2.86644e-07 -2.01587e-06 2.16793e-06 3.47145e-06 3.76178e-06 2.28896e-06 4.7428e-07 1.03255e-06 1.02991e-06 6.50614e-07 -3.52962e-07 -1.10891e-06 -6.7215e-07 -1.11747e-07 -3.17628e-06 -2.30948e-06 -6.9637e-08 -1.40323e-07 -4.23113e-06 -8.00925e-06 -3.99441e-06 -1.15259e-05 -1.75397e-06 -1.84383e-06 -3.21822e-06 -1.48865e-06 6.57344e-14 -1.62578e-06 -1.52139e-09 1.5381e-06 8.89769e-07 2.05546e-06 1.63781e-06 3.2408e-06 4.49048e-06 5.87852e-06 3.99708e-06 7.83439e-07 1.08859e-05 -1.54916e-07 -2.82422e-07 3.81369e-07 -6.89385e-06 -8.78532e-07 -6.39583e-06 -3.234e-07 6.73307e-06 2.73389e-07 2.6232e-06 -5.50383e-07 2.37873e-06 5.68621e-07 1.80116e-06 1.24416e-06 4.41127e-07 1.50007e-07 1.83821e-11 8.34113e-08 1.15689e-06 1.38812e-06 8.15945e-07 7.43442e-07 3.71367e-07 1.07511e-07 6.05697e-07 3.11611e-07 3.95901e-07 2.22329e-07 1.76575e-07 2.30015e-07 1.97228e-07 5.97581e-07 8.45947e-07 6.65682e-09 4.2189e-07 7.81031e-07 4.99355e-07 5.76891e-07 7.25712e-07 7.81701e-07 4.18631e-15 3.68388e-08 9.67215e-08 9.45409e-08 4.66423e-07 8.43892e-07 8.84568e-07 6.21478e-07 4.17594e-15 -4.69924e-06 1.09176e-06 -4.18888e-13 -1.68334e-06 8.60837e-06 -1.72209e-05 -0.000192806 5.8577e-13 1.19664e-06 2.07942e-13 -8.54615e-05 -2.33542e-06 -2.09495e-13 -4.19004e-13 -4.18914e-13
-3.23763e-06 0.00126562 -6.55665e-07 -2.91063e-07 -1.05363e-07 2.73305e-08 1.21892e-07 -4.17932e-05 -4.73618e-07 8.13051e-07 1.28938e-06 1.31599e-06 2.02746e-06 1.34668e-06 3.43893e-07 4.2139e-07 3.28103e-07 2.86584e-07 1.44817e-07 -3.60932e-08 -7.80155e-08 -1.24645e-06 -1.81235e-06 -1.03326e-06 -2.97176e-07 -1.52352e-06 -1.84191e-06 -1.97159e-06 -3.52679e-06 -1.26788e-06 -1.085e-06 -1.68953e-06 -1.02116e-06 -1.22937e-14 -6.71923e-07 -1.92501e-08 1.83594e-07 5.4027e-07 9.16175e-07 9.34098e-07 1.24285e-06 1.27723e-06 9.14094e-07 2.12935e-06 2.07521e-07 3.01904e-06 -7.17437e-08 2.62983e-08 -4.22194e-07 8.41712e-07 1.21244e-06 6.97797e-07 6.69311e-07 5.0747e-07 2.42438e-07 6.79637e-08 -1.21694e-07 -3.70756e-07 -5.98701e-07 -2.71738e-07 -1.17425e-07 -1.16892e-06 -6.14071e-07 -2.81633e-08 -1.04718e-08 -1.50111e-06 -3.33835e-06 -9.54505e-07 -3.47432e-06 -6.61651e-07 -4.94301e-07 -5.1644e-07 -3.6118e-07 -8.29753e-15 -2.14282e-08 1.62079e-08 5.65821e-07 3.03874e-07 3.41475e-07 5.44834e-07 1.19708e-06 1.17944e-06 1.73966e-06 1.38134e-06 2.12405e-07 3.11652e-06 2.51818e-08 2.6094e-08 5.26495e-07 -1.31003e-06 -1.11843e-07 -1.13042e-06 1.31689e-08 1.10278e-06 -3.10126e-09 4.06061e-07 -2.2976e-07 5.58913e-07 1.61465e-07 4.98982e-07 3.67452e-07 1.45524e-07 7.25263e-08 -3.3986e-12 -2.34854e-09 2.76796e-07 3.17682e-07 1.54224e-07 5.53714e-08 5.65137e-08 5.50679e-08 1.86586e-07 -2.63075e-08 2.01671e-08 6.39908e-08 6.93294e-08 2.4765e-08 8.56085e-08 2.13251e-08 2.05122e-07 1.60994e-09 1.36856e-07 2.13416e-07 2.78282e-07 1.94459e-07 1.59283e-07 9.69365e-08 -8.02539e-16 1.0731e-08 7.49927e-08 1.1466e-07 1.79105e-07 1.46545e-07 2.02609e-07 1.84707e-07 -7.97955e-16 4.31733e-06 -1.98043e-05 8.03286e-14 -1.89374e-06 3.01913e-06 -3.91966e-06 4.93578e-05 -1.12233e-13 -9.13827e-07 -3.96103e-14 -1.47148e-05 -1.85872e-06 4.01497e-14 8.02954e-14 8.03213e-14
-3.35985e-06 -6.55665e-07 4.94e-05 -1.43656e-07 -5.45923e-08 1.58638e-07 5.55094e-08 -5.01735e-05 -9.67914e-07 1.34214e-06 2.09551e-06 2.34771e-06 4.21061e-06 3.19255e-06 9.89876e-07 1.29193e-06 6.29479e-07 1.01148e-06 9.30028e-07 5.44257e-07 1.43444e-07 1.44617e-07 -7.43371e-07 -8.36222e-07 -2.79104e-07 -1.45003e-06 -1.777e-06 -2.01789e-06 -3.66348e-06 -1.84576e-06 -2.37529e-06 -4.66133e-06 -2.45198e-06 1.81472e-15 -3.12561e-06 -5.06489e-07 -3.45417e-07 -2.06803e-07 -3.1799e-08 4.01175e-07 9.89996e-07 9.8828e-07 7.93111e-07 1.78376e-06 1.9216e-07 3.09936e-06 -1.08955e-07 -3.11554e-08 1.08174e-07 9.82431e-07 1.59661e-06 1.34305e-06 1.22469e-06 8.39505e-07 8.67014e-07 9.47234e-07 7.01369e-07 1.18632e-06 9.22282e-07 2.85321e-07 7.95687e-08 4.84652e-07 -2.56603e-07 -2.68252e-08 -3.35441e-08 -1.08818e-06 -1.96881e-06 -7.83972e-07 -2.84424e-06 -7.1186e-07 -8.03862e-07 -1.31647e-06 -8.47025e-07 2.25152e-15 -1.52101e-06 -9.42249e-08 -1.15029e-06 -4.3235e-07 -2.19231e-07 -4.28629e-08 1.73211e-07 3.71482e-07 5.88271e-07 4.33781e-07 8.27501e-08 2.30015e-06 -1.20851e-07 -3.43687e-08 -8.27211e-07 7.2528e-06 6.26571e-07 6.95452e-06 8.56912e-09 -1.34392e-05 -2.13654e-06 -4.7716e-06 -9.23362e-07 5.87413e-07 1.23157e-07 4.83031e-07 4.05565e-07 1.67186e-07 8.02738e-08 4.33015e-14 1.4445e-08 -8.65657e-08 -8.30363e-08 -1.65242e-08 4.07925e-09 1.18611e-08 1.007e-08 8.63814e-08 1.1387e-07 3.26291e-08 3.71611e-08 5.10726e-08 3.71651e-08 6.73841e-08 7.33106e-08 2.12424e-07 2.76151e-09 2.09047e-07 4.29426e-07 4.9494e-07 4.35617e-07 4.4498e-07 3.81722e-07 -1.48547e-17 6.08567e-08 3.80626e-08 5.10214e-08 1.20236e-07 1.53493e-07 2.12602e-07 1.91702e-07 -1.19878e-17 -8.01413e-06 4.04186e-05 1.51673e-15 7.45984e-07 -1.35451e-06 3.30466e-06 -0.000100261 -2.01234e-15 1.50155e-06 -4.61109e-16 -0.000106366 -2.28382e-06 7.31817e-16 1.45623e-15 1.50351e-15
-7.97864e-07 -2.91063e-07 -1.43656e-07 4.9e-05 -2.71007e-08 1.66355e-08 3.17057e-08 -1.07868e-05 -1.37363e-07 2.03579e-07 2.78659e-07 3.14177e-07 5.87548e-07 4.25477e-07 1.33745e-07 1.5465e-07 1.37676e-08 5.92339e-08 3.91452e-08 -2.44886e-08 -5.63152e-08 -3.6234e-07 -4.91426e-07 -3.11791e-07 -5.43242e-08 -4.20243e-07 -4.98711e-07 -5.19462e-07 -9.22169e-07 -3.53665e-07 -3.11861e-07 -4.72994e-07 -2.77349e-07 4.55907e-15 -1.64345e-07 5.13723e-09 6.22972e-08 1.8311e-07 2.39447e-07 2.71635e-07 3.67131e-07 2.94756e-07 2.21856e-07 5.81269e-07 7.45799e-08 7.96978e-07 2.53684e-08 -1.94128e-08 -2.3035e-07 1.59417e-07 2.4729e-07 2.59507e-07 1.49186e-07 2.04712e-08 4.86185e-08 3.25684e-08 4.3135e-09 -1.12799e-07 -1.68428e-07 -8.13986e-08 -2.02374e-08 -3.20725e-07 -1.78762e-07 -5.17808e-09 -9.24605e-09 -3.53595e-07 -7.2443e-07 -3.00829e-07 -9.05796e-07 -1.36764e-07 -1.14665e-07 -1.54053e-07 -7.26233e-08 3.48713e-15 4.15903e-09 7.22915e-09 1.97958e-07 9.84506e-08 1.63149e-07 1.46371e-07 2.98416e-07 3.65732e-07 4.93373e-07 3.55332e-07 6.23016e-08 8.39239e-07 -6.97343e-09 -2.01314e-08 1.43675e-07 -6.027e-07 -6.90063e-08 -5.83336e-07 -2.10113e-08 7.75196e-07 7.2056e-08 2.84921e-07 -1.47045e-08 1.49172e-07 4.2228e-08 1.27717e-07 8.4018e-08 2.86355e-08 8.77738e-09 1.31593e-12 1.26171e-09 8.36781e-08 1.03528e-07 5.82096e-08 5.10693e-08 2.49778e-08 6.53107e-09 3.59729e-08 3.09604e-09 2.94361e-08 1.89342e-08 1.4894e-08 1.77349e-08 1.60283e-08 4.42388e-08 6.20961e-08 4.14726e-10 3.00355e-08 5.03306e-08 3.12227e-08 3.2932e-08 4.06501e-08 4.50023e-08 2.99986e-16 -6.74717e-09 8.53417e-09 1.22578e-08 3.9675e-08 6.52507e-08 6.86197e-08 4.836e-08 2.97881e-16 7.82766e-07 -5.47786e-06 -3.00311e-14 -2.31603e-07 8.8674e-07 -1.55844e-06 8.28858e-06 4.19434e-14 -2.00937e-07 1.47687e-14 -1.94049e-06 -7.40171e-08 -1.50064e-14 -3.00103e-14 -3.00266e-14
-2.9193e-07 -1.05363e-07 -5.45923e-08 -2.71007e-08 4.9e-05 4.96214e-09 1.15314e-08 -3.87044e-06 -4.60711e-08 7.33254e-08 1.0526e-07 1.15134e-07 2.0356e-07 1.43682e-07 4.26635e-08 5.02018e-08 1.35559e-08 2.37655e-08 1.39393e-08 -6.44826e-09 -1.52832e-08 -1.24038e-07 -1.72398e-07 -1.0486e-07 -2.23919e-08 -1.47254e-07 -1.75887e-07 -1.83833e-07 -3.28797e-07 -1.21459e-07 -1.03368e-07 -1.56274e-07 -9.54787e-08 7.52419e-16 -5.8353e-08 1.29338e-10 1.80743e-08 5.61489e-08 8.31189e-08 9.16489e-08 1.22669e-07 1.08693e-07 7.9408e-08 2.01636e-07 2.36101e-08 2.77968e-07 3.96234e-09 -4.30531e-09 -7.09702e-08 6.42016e-08 9.71579e-08 8.64988e-08 5.73642e-08 1.9818e-08 1.98946e-08 1.09068e-08 -1.82107e-09 -3.80016e-08 -5.84753e-08 -2.78354e-08 -8.40219e-09 -1.12075e-07 -6.08219e-08 -2.07635e-09 -2.61561e-09 -1.32744e-07 -2.81337e-07 -1.01205e-07 -3.25224e-07 -5.42301e-08 -4.26565e-08 -5.02285e-08 -2.80141e-08 5.44622e-16 3.09291e-09 2.32501e-09 6.3768e-08 3.25096e-08 4.80131e-08 5.1895e-08 1.09222e-07 1.23514e-07 1.71883e-07 1.28575e-07 2.13181e-08 2.97015e-07 -1.37065e-09 -4.58564e-09 5.11032e-08 -1.56075e-07 -1.74133e-08 -1.49932e-07 -4.73609e-09 1.81391e-07 1.23027e-08 6.66494e-08 -1.13404e-08 5.13956e-08 1.50461e-08 4.57704e-08 3.1054e-08 1.10797e-08 4.08719e-09 2.51972e-13 -5.01433e-11 2.73543e-08 3.32701e-08 1.80446e-08 1.39084e-08 7.4946e-09 2.86535e-09 1.31648e-08 -9.39809e-10 8.07873e-09 6.63563e-09 5.7472e-09 5.2903e-09 6.44901e-09 1.20241e-08 2.13224e-08 1.49468e-10 1.17107e-08 1.9084e-08 1.63372e-08 1.41463e-08 1.50113e-08 1.43793e-08 5.66948e-17 -1.95313e-09 4.18191e-09 6.44124e-09 1.5117e-08 2.07661e-08 2.32096e-08 1.75368e-08 5.61344e-17 3.55099e-07 -2.11905e-06 -5.67732e-15 -1.07743e-07 3.09802e-07 -4.92422e-07 4.61801e-06 7.92311e-15 -8.93986e-08 2.77545e-15 -9.40762e-07 -6.50167e-08 -2.8354e-15 -5.66991e-15 -5.6757e-15
3.29249e-07 2.73305e-08 1.58638e-07 1.66355e-08 4.96214e-09 0.000107751 -4.86255e-09 3.37028e-06 2.48386e-08 -9.57178e-08 -2.69237e-07 -1.9731e-07 -3.86485e-08 5.36574e-08 7.23621e-08 6.47368e-08 -2.1084e-07 -6.82328e-08 -2.57775e-08 -4.40809e-08 -8.40412e-08 -3.33164e-08 5.87463e-08 -2.38137e-08 7.5113e-08 4.60267e-08 7.76936e-08 1.35097e-07 2.43362e-07 6.73975e-08 8.65729e-08 2.09977e-07 1.06003e-07 2.07217e-14 1.5733e-07 3.39861e-08 1.08922e-08 4.25882e-08 -6.14917e-08 -2.72682e-09 -8.7948e-09 -1.88812e-07 -1.22684e-07 -1.05653e-07 3.05477e-08 -2.5079e-07 1.19673e-07 -7.30897e-08 -3.15185e-07 -2.1443e-07 -2.62983e-07 1.67516e-07 -1.12996e-07 -3.37713e-07 -6.03207e-08 2.32173e-08 9.04633e-08 -4.90689e-08 -2.39916e-08 -2.15008e-08 3.03634e-08 7.96299e-09 -2.68026e-09 7.85469e-09 -1.61885e-08 1.66862e-07 5.04865e-07 -6.5337e-08 2.13865e-07 1.23796e-07 7.79155e-08 3.69137e-08 9.71805e-08 1.41961e-14 9.62313e-08 1.0438e-08 1.1925e-07 4.22625e-08 1.58667e-07 -8.88136e-09 -7.85612e-08 8.17364e-08 1.1723e-08 -7.20594e-08 4.47034e-09 -1.27127e-07 -3.81781e-08 -7.5885e-08 1.1251e-08 -4.62942e-07 -8.33095e-08 -5.80998e-07 -6.46863e-08 1.10085e-06 1.84712e-07 3.99467e-07 1.40433e-07 -4.78935e-08 -1.00883e-08 -4.17213e-08 -6.0735e-08 -3.74083e-08 -3.40503e-08 6.27594e-12 1.28276e-09 6.86624e-09 2.6382e-08 3.23437e-08 9.10499e-08 2.08832e-08 -2.72797e-08 -5.65485e-08 1.33025e-08 6.50216e-08 3.56463e-09 -1.19465e-08 3.01581e-08 -2.18905e-08 1.05324e-07 9.06303e-09 -1.44156e-10 -2.19351e-08 -2.84352e-08 -1.26636e-07 -6.1677e-08 -1.61664e-08 4.37669e-08 1.45232e-15 -3.43863e-08 -3.44351e-08 -5.16115e-08 -2.77432e-08 6.61124e-08 3.22765e-08 -9.41838e-09 1.44113e-15 -4.35441e-07 -3.37875e-06 -1.45398e-13 8.03555e-07 2.19765e-07 -1.27392e-06 1.94019e-06 2.03034e-13 -6.25089e-08 7.1402e-14 8.09121e-06 1.30521e-06 -7.26452e-14 -1.45276e-13 -1.45371e-13
3.47587e-07 1.21892e-07 5.55094e-08 3.17057e-08 1.15314e-08 -4.86255e-09 0.000201966 4.62957e-06 5.87689e-08 -8.73872e-08 -1.26388e-07 -1.35364e-07 -2.32958e-07 -1.62816e-07 -4.81775e-08 -5.54146e-08 -1.3134e-08 -2.15069e-08 -1.17236e-08 1.33425e-08 2.24311e-08 1.63415e-07 2.20126e-07 1.35057e-07 2.62584e-08 1.80472e-07 2.15233e-07 2.27793e-07 4.00336e-07 1.53161e-07 1.36571e-07 2.07763e-07 1.16472e-07 -7.84702e-16 6.22422e-08 -5.18869e-09 -3.53488e-08 -9.04589e-08 -1.16521e-07 -1.23122e-07 -1.64411e-07 -1.38176e-07 -1.03948e-07 -2.58899e-07 -3.13427e-08 -3.58996e-07 -5.34791e-09 3.53596e-09 7.77436e-08 -7.53184e-08 -1.11669e-07 -9.1144e-08 -6.17702e-08 -2.29296e-08 -1.72346e-08 -4.47887e-09 9.78367e-09 5.67279e-08 8.06446e-08 3.70653e-08 1.13728e-08 1.47908e-07 7.91045e-08 2.59094e-09 2.81103e-09 1.5558e-07 3.27643e-07 1.24343e-07 3.90674e-07 6.08549e-08 4.97926e-08 6.60813e-08 3.28315e-08 -7.883e-16 -2.00637e-09 -3.137e-09 -9.16512e-08 -4.56558e-08 -6.78587e-08 -6.64913e-08 -1.35037e-07 -1.56148e-07 -2.14388e-07 -1.57455e-07 -2.71539e-08 -3.63733e-07 -8.13056e-10 3.47535e-09 -6.57532e-08 3.53521e-07 3.5909e-08 3.28412e-07 5.70217e-09 -4.6091e-07 -4.73995e-08 -1.68597e-07 6.03588e-09 -6.80795e-08 -1.86179e-08 -5.62156e-08 -3.86467e-08 -1.41164e-08 -5.6747e-09 -1.6435e-13 -9.52134e-10 -4.03703e-08 -4.80353e-08 -2.56264e-08 -1.78696e-08 -1.03911e-08 -5.11488e-09 -2.09272e-08 -1.49318e-09 -8.55512e-09 -7.72076e-09 -6.82569e-09 -5.44753e-09 -7.88801e-09 -1.19415e-08 -2.53153e-08 -1.72261e-10 -1.25361e-08 -1.99632e-08 -1.67805e-08 -1.43902e-08 -1.50344e-08 -1.36792e-08 -3.62408e-17 2.87138e-10 -5.74523e-09 -7.9887e-09 -1.8104e-08 -2.30877e-08 -2.61671e-08 -2.01087e-08 -3.62376e-17 -3.67828e-07 2.18829e-06 3.62555e-15 1.64879e-07 -3.8711e-07 6.5387e-07 -2.17433e-06 -5.07317e-15 7.26852e-08 -1.8086e-15 4.41874e-07 1.07595e-07 1.81403e-15 3.62839e-15 3.62617e-15
-0.000155675 -4.17932e-05 -5.01735e-05 -1.07868e-05 -3.87044e-06 3.37028e-06 4.62957e-06 0.000562012 -3.54644e-05 4.73241e-05 7.16019e-05 7.66769e-05 0.000130259 9.2949e-05 2.74534e-05 3.3441e-05 1.38212e-05 1.97463e-05 1.52591e-05 2.66384e-06 -5.0292e-06 -5.35792e-05 -8.56808e-05 -5.76115e-05 -1.3252e-05 -7.91461e-05 -9.62728e-05 -0.000105008 -0.000181822 -7.97307e-05 -8.5741e-05 -0.000148818 -7.42331e-05 8.3902e-14 -6.33341e-05 -3.9505e-06 1.35813e-05 3.73483e-05 4.58543e-05 5.0067e-05 7.32809e-05 6.37677e-05 4.84503e-05 0.000114258 1.32035e-05 0.000169093 -1.81335e-07 -6.88526e-07 -8.42127e-06 3.66834e-05 5.54592e-05 4.1585e-05 3.42821e-05 2.0322e-05 1.60722e-05 1.25298e-05 4.78243e-06 -1.86492e-06 -1.25168e-05 -7.44239e-06 -2.70741e-06 -4.03318e-05 -2.8889e-05 -1.19992e-06 -1.07975e-06 -6.22891e-05 -0.000127267 -4.68473e-05 -0.000154501 -2.87267e-05 -2.73677e-05 -4.24992e-05 -2.37588e-05 1.65105e-13 -2.50523e-05 -4.7133e-07 1.37484e-05 9.83737e-06 1.7989e-05 2.25226e-05 4.64608e-05 5.33934e-05 7.45652e-05 5.47862e-05 9.7781e-06 0.000144465 -3.86495e-07 -5.17996e-07 4.60583e-07 -6.9033e-05 -7.80187e-06 -5.81293e-05 -1.4926e-06 4.22177e-05 -4.08871e-06 1.77172e-05 -1.29919e-05 3.28409e-05 7.84713e-06 2.51915e-05 1.86478e-05 7.24397e-06 3.33146e-06 -1.90726e-11 1.01815e-06 1.52994e-05 1.69221e-05 9.18437e-06 5.83384e-06 3.94552e-06 2.51381e-06 1.02035e-05 3.27643e-06 2.44231e-06 2.72632e-06 2.767e-06 1.73607e-06 3.42925e-06 3.37847e-06 1.03961e-05 9.29795e-08 6.49269e-06 1.12673e-05 1.19721e-05 1.01021e-05 1.00258e-05 8.25339e-06 -5.31741e-15 1.80162e-06 2.67612e-06 3.43425e-06 7.1259e-06 8.05822e-06 9.96235e-06 8.33085e-06 -5.07821e-15 -2.90067e-05 8.85165e-05 5.34356e-13 -5.57839e-05 0.00010719 -0.000171337 -0.00236655 -7.38659e-13 1.4013e-05 -2.42207e-13 -0.00135061 -8.45747e-05 2.65119e-13 5.29681e-13 5.33331e-13
-2.6247e-06 -4.73618e-07 -9.67914e-07 -1.37363e-07 -4.60711e-08 2.48386e-08 5.87689e-08 -3.54644e-05 4.89798e-05 8.54763e-07 1.44626e-06 1.42335e-06 2.02675e-06 1.34132e-06 3.28558e-07 4.21952e-07 4.50669e-07 3.59564e-07 2.54375e-07 8.67925e-08 1.32066e-08 -8.10321e-07 -1.43754e-06 -9.22685e-07 -2.94365e-07 -1.27232e-06 -1.59622e-06 -1.83407e-06 -3.0715e-06 -1.43992e-06 -1.6987e-06 -3.09044e-06 -1.38119e-06 -2.38433e-14 -1.23395e-06 -7.45188e-08 3.65028e-07 8.02328e-07 9.52504e-07 8.81324e-07 1.30776e-06 1.28999e-06 9.6899e-07 2.00972e-06 1.87756e-07 3.13821e-06 -1.34227e-07 8.63934e-08 6.25579e-07 7.5014e-07 1.05479e-06 3.08949e-07 5.84462e-07 6.98531e-07 2.84877e-07 1.41608e-07 -3.85443e-08 7.31807e-08 -9.76599e-08 -5.88276e-08 -6.83126e-08 -5.5525e-07 -4.31328e-07 -2.6322e-08 6.48874e-09 -1.01098e-06 -2.20278e-06 -5.51735e-07 -2.28194e-06 -5.32641e-07 -5.10767e-07 -8.12893e-07 -5.1612e-07 -1.36038e-14 -6.7283e-07 -2.69409e-08 4.2281e-08 1.10407e-07 9.44007e-08 3.67247e-07 7.48972e-07 6.58654e-07 1.01789e-06 8.14645e-07 1.38614e-07 2.19081e-06 5.60603e-08 9.73715e-08 -3.11306e-07 -1.88099e-06 -1.50633e-07 -1.4073e-06 4.84187e-08 1.27936e-06 -3.49454e-08 5.18692e-07 -3.15663e-07 6.30702e-07 1.31815e-07 4.35641e-07 3.63928e-07 1.60368e-07 9.70564e-08 -8.61124e-12 2.98934e-08 3.06456e-07 2.91121e-07 1.35183e-07 -3.59619e-09 5.00859e-08 8.52634e-08 2.74343e-07 8.0176e-08 -4.9948e-08 2.90427e-08 4.96742e-08 -1.89139e-08 7.27328e-08 -9.5413e-08 1.31818e-07 1.57789e-09 1.0971e-07 1.7714e-07 3.07023e-07 2.08318e-07 1.52609e-07 5.20782e-08 -2.00599e-15 9.5852e-08 8.27281e-08 1.054e-07 1.2437e-07 1.47342e-08 8.0961e-08 1.14967e-07 -1.98422e-15 -1.72366e-06 1.47276e-05 2.00893e-13 -1.92487e-06 1.21985e-06 -1.22535e-06 -9.53859e-05 -2.80288e-13 9.06039e-07 -9.80105e-14 -2.58005e-05 -3.14841e-06 1.00313e-13 2.00589e-13 2.00826e-13
3.33656e-06 8.13051e-07 1.34214e-06 2.03579e-07 7.33254e-08 -9.57178e-08 -8.73872e-08 4.73241e-05 8.54763e-07 0.00185729 -1.65091e-06 -1.80255e-06 -3.15957e-06 -2.30985e-06 -7.05511e-07 -8.68731e-07 -3.18985e-07 -5.2925e-07 -4.50391e-07 -1.4134e-07 8.76216e-08 9.51365e-07 1.68751e-06 1.23058e-06 2.73906e-07 1.69873e-06 2.06837e-06 2.27409e-06 3.93223e-06 1.82744e-06 2.08613e-06 3.73648e-06 1.83745e-06 -6.4911e-15 1.75126e-06 1.54677e-07 -2.32079e-07 -7.30483e-07 -8.5603e-07 -1.01537e-06 -1.57099e-06 -1.32203e-06 -1.02725e-06 -2.42782e-06 -2.91356e-07 -3.68246e-06 -5.63344e-09 3.08101e-08 9.31089e-08 -7.85387e-07 -1.22008e-06 -1.00505e-06 -8.07587e-07 -4.51888e-07 -4.34146e-07 -4.07949e-07 -2.41335e-07 -2.00301e-07 3.11493e-08 7.42785e-08 2.3362e-08 6.10086e-07 5.72838e-07 2.48287e-08 2.85533e-08 1.24728e-06 2.43589e-06 9.91974e-07 3.19514e-06 6.06924e-07 6.3198e-07 1.05975e-06 5.83345e-07 -7.23003e-15 7.88912e-07 2.71513e-08 -4.44636e-08 -1.04426e-07 -3.27995e-07 -3.94369e-07 -8.27863e-07 -1.03732e-06 -1.42778e-06 -1.01772e-06 -1.92141e-07 -2.97411e-06 3.34078e-08 2.7239e-08 2.34314e-07 3.9698e-07 8.08465e-08 2.2529e-07 4.11657e-08 9.75848e-07 3.68203e-07 2.84547e-07 3.673e-07 -7.20263e-07 -1.62803e-07 -5.3868e-07 -4.04201e-07 -1.56944e-07 -7.04003e-08 -7.10234e-13 -2.6933e-08 -2.84494e-07 -3.15605e-07 -1.80629e-07 -1.30849e-07 -8.28394e-08 -4.63155e-08 -2.05841e-07 -1.01026e-07 -6.09016e-08 -5.4251e-08 -5.49531e-08 -4.1703e-08 -6.83931e-08 -9.0379e-08 -2.26005e-07 -2.17471e-09 -1.47134e-07 -2.71061e-07 -2.74782e-07 -2.46885e-07 -2.57622e-07 -2.25575e-07 -1.43553e-16 -4.6885e-08 -4.85034e-08 -5.73874e-08 -1.40101e-07 -1.79772e-07 -2.17383e-07 -1.77911e-07 -1.48111e-16 2.87793e-06 -1.2351e-05 1.43137e-14 7.20368e-07 -1.63146e-06 2.74471e-06 8.24938e-05 -2.02033e-14 -7.66547e-07 -7.6078e-15 4.23595e-05 1.79149e-06 7.2049e-15 1.44228e-14 1.43377e-14
4.64538e-06 1.28938e-06 2.09551e-06 2.78659e-07 1.0526e-07 -2.69237e-07 -1.26388e-07 7.16019e-05 1.44626e-06 -1.65091e-06 0.00290101 -2.59827e-06 -5.77133e-06 -4.56968e-06 -1.61505e-06 -1.91873e-06 1.47189e-07 -8.29251e-07 -8.48889e-07 -2.10293e-07 4.01815e-07 1.45932e-06 2.45592e-06 2.13582e-06 1.98771e-07 2.74695e-06 3.26619e-06 3.41596e-06 5.92996e-06 2.969e-06 3.42825e-06 6.05597e-06 3.02538e-06 -8.97723e-14 2.91815e-06 2.55999e-07 -2.60548e-07 -1.14272e-06 -9.88477e-07 -1.58214e-06 -2.54588e-06 -1.50269e-06 -1.26322e-06 -3.67022e-06 -5.98266e-07 -5.33853e-06 -4.34134e-07 3.37508e-07 1.31205e-06 -6.26478e-07 -1.26695e-06 -2.53928e-06 -1.12931e-06 3.79736e-07 -6.75889e-07 -9.85334e-07 -9.23741e-07 -4.79727e-07 -1.56291e-07 9.97815e-08 -1.08251e-07 6.97671e-07 9.18539e-07 1.41734e-08 1.14561e-07 1.52117e-06 2.24037e-06 1.93616e-06 4.71728e-06 6.35491e-07 8.72246e-07 1.80187e-06 7.39501e-07 -6.5559e-14 1.24526e-06 2.8721e-08 -1.53756e-07 -1.75698e-07 -1.00857e-06 -5.25967e-07 -9.59284e-07 -1.93472e-06 -2.30338e-06 -1.34133e-06 -3.21535e-07 -4.55463e-06 2.35404e-07 3.44498e-07 5.68137e-07 -5.37038e-08 2.29124e-07 2.61967e-07 3.06211e-07 1.58747e-06 5.19553e-07 4.42645e-07 2.88301e-07 -1.04109e-06 -2.36407e-07 -7.73749e-07 -4.79991e-07 -1.35808e-07 4.36183e-09 -2.53469e-11 -4.74661e-08 -4.07746e-07 -5.28125e-07 -3.78723e-07 -5.41222e-07 -2.03396e-07 3.60713e-08 -1.03904e-07 -2.30123e-07 -3.50405e-07 -1.04735e-07 -5.01589e-08 -1.89394e-07 -3.62888e-08 -5.62496e-07 -4.30487e-07 -3.47922e-09 -1.96704e-07 -4.218e-07 -6.99173e-08 -2.60187e-07 -4.5402e-07 -6.18922e-07 -5.8273e-15 4.76942e-08 5.06528e-08 9.90449e-08 -1.35072e-07 -5.6613e-07 -5.08933e-07 -2.83657e-07 -5.79093e-15 8.23426e-06 -1.68652e-05 5.83309e-13 -2.3037e-06 -2.80762e-06 7.83272e-06 0.000139329 -8.14862e-13 -1.29059e-06 -2.87322e-13 6.40263e-05 -1.73554e-06 2.9152e-13 5.83003e-13 5.83242e-13
5.27413e-06 1.31599e-06 2.34771e-06 3.14177e-07 1.15134e-07 -1.9731e-07 -1.35364e-07 7.66769e-05 1.42335e-06 -1.80255e-06 -2.59827e-06 0.0032544 -5.51546e-06 -4.14491e-06 -1.32663e-06 -1.62771e-06 -3.98657e-07 -9.40112e-07 -8.48968e-07 -2.93397e-07 1.73217e-07 1.34931e-06 2.52344e-06 1.97832e-06 3.83357e-07 2.73464e-06 3.30811e-06 3.59894e-06 6.26945e-06 2.98049e-06 3.44593e-06 6.2119e-06 3.10931e-06 -3.08293e-14 3.10742e-06 3.15359e-07 -2.3645e-07 -1.0009e-06 -1.12919e-06 -1.53132e-06 -2.45665e-06 -1.9283e-06 -1.5276e-06 -3.78149e-06 -4.91615e-07 -5.73688e-06 -1.01309e-07 1.2716e-07 4.56095e-07 -1.15347e-06 -1.88129e-06 -1.95209e-06 -1.34988e-06 -5.11583e-07 -7.7755e-07 -8.44179e-07 -6.11752e-07 -5.2751e-07 -1.54919e-07 5.94716e-08 -1.65172e-08 7.47206e-07 8.83458e-07 3.42293e-08 6.59393e-08 1.8945e-06 3.48664e-06 1.68478e-06 5.08131e-06 9.22651e-07 1.02203e-06 1.78789e-06 9.39822e-07 -2.52088e-14 1.38686e-06 5.08189e-08 1.00467e-07 -8.24073e-08 -5.72549e-07 -5.40671e-07 -1.14871e-06 -1.66003e-06 -2.20446e-06 -1.49674e-06 -2.995e-07 -4.70053e-06 1.18502e-07 1.26282e-07 5.07615e-07 -9.31199e-07 2.86458e-08 -9.62429e-07 1.21675e-07 3.84805e-06 8.98509e-07 1.27293e-06 6.16833e-07 -1.11615e-06 -2.52449e-07 -8.45547e-07 -6.14634e-07 -2.26725e-07 -8.50789e-08 -7.50386e-12 -4.15206e-08 -3.81647e-07 -4.48496e-07 -2.82344e-07 -2.78309e-07 -1.40582e-07 -3.91288e-08 -2.51578e-07 -1.80799e-07 -1.62172e-07 -9.11226e-08 -7.96457e-08 -1.00447e-07 -9.26253e-08 -2.56658e-07 -3.86049e-07 -3.64344e-09 -2.41295e-07 -4.67784e-07 -3.89334e-07 -4.00042e-07 -4.64016e-07 -4.63767e-07 -1.70055e-15 -4.39613e-08 -4.34688e-08 -4.29326e-08 -2.03332e-07 -3.6501e-07 -3.99281e-07 -2.94375e-07 -1.69583e-15 6.34622e-06 -2.3221e-05 1.70163e-13 8.80854e-09 -2.22637e-06 4.36517e-06 0.00013427 -2.37937e-13 -1.33488e-06 -8.44207e-14 7.91967e-05 1.7613e-06 8.50979e-14 1.702e-13 1.70172e-13
9.95507e-06 2.02746e-06 4.21061e-06 5.87548e-07 2.0356e-07 -3.86485e-08 -2.32958e-07 0.000130259 2.02675e-06 -3.15957e-06 -5.77133e-06 -5.51546e-06 0.00586889 -4.56297e-06 -9.32696e-07 -1.35138e-06 -2.42881e-06 -1.7187e-06 -1.19031e-06 -6.76264e-07 -5.10413e-07 1.76377e-06 4.11096e-06 2.43851e-06 1.21257e-06 4.04766e-06 5.10499e-06 6.00732e-06 1.04988e-05 4.46613e-06 5.14144e-06 9.6498e-06 4.80907e-06 1.55997e-13 5.06014e-06 6.24023e-07 -3.63412e-07 -1.14644e-06 -2.30693e-06 -2.1798e-06 -3.40956e-06 -4.38775e-06 -3.20067e-06 -6.06818e-06 -3.69016e-07 -9.93335e-06 9.73158e-07 -5.28603e-07 -2.32961e-06 -3.47259e-06 -4.82292e-06 -8.42227e-07 -2.69761e-06 -3.75155e-06 -1.44913e-06 -7.06756e-07 2.10633e-07 -8.40118e-07 -1.29085e-07 -1.44163e-08 3.00405e-07 1.38152e-06 1.20703e-06 1.18168e-07 -7.01386e-08 4.10596e-06 9.51458e-06 1.61498e-06 8.72244e-06 2.34966e-06 2.00835e-06 2.55543e-06 2.05252e-06 1.01641e-13 2.45086e-06 1.42991e-07 8.97725e-07 1.2966e-07 6.15753e-07 -9.23526e-07 -2.45031e-06 -1.57153e-06 -3.00286e-06 -2.81464e-06 -3.77514e-07 -7.49657e-06 -2.3452e-07 -5.57621e-07 5.72023e-07 -3.44591e-06 -5.55858e-07 -4.72439e-06 -4.42892e-07 1.18512e-05 2.40369e-06 4.15435e-06 1.96579e-06 -1.92653e-06 -4.34568e-07 -1.5061e-06 -1.3691e-06 -6.43911e-07 -4.29162e-07 4.95624e-11 -4.28037e-08 -5.34994e-07 -4.42603e-07 -1.13023e-07 4.68743e-07 -2.93071e-09 -3.18598e-07 -8.91277e-07 -9.44351e-08 3.97865e-07 -9.03204e-08 -2.18423e-07 1.53847e-07 -3.28435e-07 6.60396e-07 -4.17559e-07 -5.89965e-09 -5.04002e-07 -8.29111e-07 -1.64331e-06 -1.04734e-06 -6.97216e-07 -1.37525e-07 1.15147e-14 -3.74058e-07 -3.86271e-07 -5.49478e-07 -5.34347e-07 1.45061e-07 -2.14181e-07 -4.67969e-07 1.14154e-14 2.0812e-06 -5.14224e-05 -1.15289e-12 8.08606e-06 -1.7748e-06 -4.59872e-06 0.000175919 1.60951e-12 -1.96277e-06 5.65086e-13 0.00015921 1.44741e-05 -5.75922e-13 -1.1517e-12 -1.15263e-12
7.41997e-06 1.34668e-06 3.19255e-06 4.25477e-07 1.43682e-07 5.36574e-08 -1.62816e-07 9.2949e-05 1.34132e-06 -2.30985e-06 -4.56968e-06 -4.14491e-06 -4.56297e-06 0.00452335 -2.84597e-07 -5.70903e-07 -2.31388e-06 -1.33396e-06 -8.18055e-07 -5.96156e-07 -6.57336e-07 9.73813e-07 2.79889e-06 1.39982e-06 1.05668e-06 2.68971e-06 3.4872e-06 4.241e-06 7.43879e-06 3.00651e-06 3.45759e-06 6.66984e-06 3.32687e-06 1.75492e-13 3.65904e-06 5.13388e-07 -1.89366e-07 -5.45237e-07 -1.69694e-06 -1.35119e-06 -2.10933e-06 -3.46495e-06 -2.43092e-06 -4.13196e-06 -9.65508e-08 -7.03013e-06 1.05267e-06 -5.95326e-07 -2.737e-06 -2.94403e-06 -3.96253e-06 8.09534e-08 -2.09999e-06 -3.58043e-06 -1.13393e-06 -3.6186e-07 4.59982e-07 -7.18917e-07 -1.88704e-07 -9.70665e-08 2.99985e-07 8.53682e-07 7.02945e-07 1.01391e-07 -1.05077e-07 3.20603e-06 7.91914e-06 6.9163e-07 6.1146e-06 1.9552e-06 1.5401e-06 1.66571e-06 1.63851e-06 1.19267e-13 1.83712e-06 1.26379e-07 1.03929e-06 2.37097e-07 1.04819e-06 -6.36099e-07 -1.86224e-06 -6.28158e-07 -1.79279e-06 -2.02928e-06 -2.10879e-07 -5.07091e-06 -2.84351e-07 -6.22585e-07 5.1711e-07 -4.17532e-06 -6.84376e-07 -5.35201e-06 -5.15226e-07 1.1792e-05 2.22183e-06 4.18973e-06 1.74797e-06 -1.35535e-06 -3.08401e-07 -1.09035e-06 -1.07061e-06 -5.34854e-07 -3.8946e-07 5.36052e-11 -1.81286e-08 -3.10926e-07 -1.63739e-07 5.86076e-08 6.31221e-07 7.85802e-08 -2.94691e-07 -7.50471e-07 8.05113e-09 4.84502e-07 -4.4101e-08 -1.80096e-07 2.04635e-07 -2.84067e-07 7.93893e-07 -2.20889e-07 -4.21436e-09 -4.00564e-07 -6.22942e-07 -1.50032e-06 -8.82917e-07 -4.93536e-07 7.46057e-08 1.24338e-14 -3.49287e-07 -3.66024e-07 -5.35253e-07 -4.34196e-07 3.33538e-07 -1.3611e-08 -3.24893e-07 1.2336e-14 -1.20465e-06 -3.99722e-05 -1.24486e-12 7.97544e-06 -4.91508e-07 -7.55412e-06 9.64563e-05 1.73823e-12 -1.1671e-06 6.11057e-13 0.000125943 1.37307e-05 -6.21946e-13 -1.24376e-12 -1.24462e-12
2.40307e-06 3.43893e-07 9.89876e-07 1.33745e-07 4.26635e-08 7.23621e-08 -4.81775e-08 2.74534e-05 3.28558e-07 -7.05511e-07 -1.61505e-06 -1.32663e-06 -9.32696e-07 -2.84597e-07 0.00145931 1.10618e-07 -1.03137e-06 -4.26454e-07 -1.87429e-07 -2.17275e-07 -3.61429e-07 1.95723e-07 8.22145e-07 2.36316e-07 4.34176e-07 6.94785e-07 9.62295e-07 1.25638e-06 2.20278e-06 7.86199e-07 8.87786e-07 1.80549e-06 8.84924e-07 9.24932e-14 1.02133e-06 1.67889e-07 -6.27244e-08 -7.29487e-08 -6.10667e-07 -3.25667e-07 -4.77474e-07 -1.27053e-06 -8.39325e-07 -1.16232e-06 6.71496e-08 -2.11671e-06 5.31082e-07 -3.16246e-07 -1.48271e-06 -1.15539e-06 -1.47832e-06 4.88163e-07 -7.01233e-07 -1.6088e-06 -3.65709e-07 2.5701e-08 3.69548e-07 -2.13908e-07 -4.44822e-08 -5.65024e-08 1.51244e-07 2.55276e-07 1.35788e-07 4.0896e-08 -6.66005e-08 1.13512e-06 3.09036e-06 -6.83366e-08 1.77401e-06 7.46579e-07 5.13068e-07 3.84466e-07 5.79023e-07 6.451e-14 5.5548e-07 4.82108e-08 4.67919e-07 1.20242e-07 6.50261e-07 -2.07442e-07 -6.72572e-07 7.29465e-08 -3.75561e-07 -6.58342e-07 -3.45077e-08 -1.3844e-06 -1.6643e-07 -3.293e-07 1.76376e-07 -1.66799e-06 -3.24698e-07 -2.23216e-06 -2.75651e-07 4.56738e-06 8.3407e-07 1.64231e-06 6.94217e-07 -4.05648e-07 -9.38125e-08 -3.39108e-07 -3.78783e-07 -2.06759e-07 -1.68428e-07 2.75373e-11 6.88081e-10 -7.9163e-08 1.35034e-08 8.86383e-08 3.65554e-07 6.83087e-08 -1.3409e-07 -3.08076e-07 4.84207e-08 2.69874e-07 -1.19111e-09 -6.90644e-08 1.21248e-07 -1.16079e-07 4.40897e-07 -1.77639e-08 -1.21142e-09 -1.39508e-07 -1.91954e-07 -6.35976e-07 -3.3338e-07 -1.29239e-07 1.44745e-07 6.37877e-15 -1.5685e-07 -1.67279e-07 -2.50216e-07 -1.6384e-07 2.44277e-07 8.49908e-08 -8.92061e-08 6.33135e-15 -2.3399e-06 -1.24376e-05 -6.38589e-13 3.89348e-06 1.31902e-07 -4.48609e-06 1.22784e-05 8.91796e-13 -1.83389e-07 3.13774e-13 4.04065e-05 6.22611e-06 -3.19075e-13 -6.3809e-13 -6.3848e-13
2.84592e-06 4.2139e-07 1.29193e-06 1.5465e-07 5.02018e-08 6.47368e-08 -5.54146e-08 3.3441e-05 4.21952e-07 -8.68731e-07 -1.91873e-06 -1.62771e-06 -1.35138e-06 -5.70903e-07 1.10618e-07 0.00206664 -1.18046e-06 -5.57713e-07 -2.92695e-07 -2.93997e-07 -4.14611e-07 1.41895e-07 8.87526e-07 2.87824e-07 4.89856e-07 8.37366e-07 1.14512e-06 1.48177e-06 2.62305e-06 9.70553e-07 1.12401e-06 2.29329e-06 1.15334e-06 1.00697e-13 1.39068e-06 2.36799e-07 -3.70612e-09 1.69762e-09 -6.018e-07 -3.4129e-07 -5.44587e-07 -1.4224e-06 -9.48642e-07 -1.34056e-06 6.62395e-08 -2.46419e-06 5.91908e-07 -3.41757e-07 -1.60937e-06 -1.33728e-06 -1.74135e-06 4.17824e-07 -8.70695e-07 -1.82839e-06 -4.80111e-07 -6.45879e-08 3.31128e-07 -3.6122e-07 -1.56142e-07 -9.76821e-08 1.54297e-07 1.92261e-07 1.49682e-07 4.65242e-08 -6.97186e-08 1.305e-06 3.48163e-06 -2.55758e-08 2.12361e-06 8.6658e-07 6.2052e-07 5.14758e-07 6.9792e-07 7.02147e-14 7.36083e-07 6.19436e-08 6.46544e-07 1.89173e-07 7.48711e-07 -1.96973e-07 -7.08686e-07 8.54266e-08 -4.09633e-07 -7.19132e-07 -3.77207e-08 -1.63432e-06 -1.67595e-07 -3.55139e-07 2.60589e-07 -2.776e-06 -4.39493e-07 -3.33759e-06 -3.03639e-07 6.63338e-06 1.15734e-06 2.38282e-06 8.49334e-07 -4.69562e-07 -1.08008e-07 -3.97782e-07 -4.38888e-07 -2.36483e-07 -1.88974e-07 2.9978e-11 1.24714e-09 -5.52291e-08 4.50386e-08 1.09862e-07 4.05342e-07 7.81678e-08 -1.43993e-07 -3.32075e-07 4.64141e-08 2.92732e-07 -3.25232e-09 -7.87249e-08 1.29339e-07 -1.31122e-07 4.75045e-07 -3.37809e-08 -1.5323e-09 -1.69604e-07 -2.47411e-07 -7.37885e-07 -4.02787e-07 -1.81306e-07 1.22735e-07 6.94597e-15 -1.74366e-07 -1.84039e-07 -2.75744e-07 -1.8624e-07 2.55526e-07 7.68302e-08 -1.11903e-07 6.89432e-15 -1.80455e-06 -1.73849e-05 -6.95373e-13 4.10337e-06 3.95861e-07 -5.43835e-06 1.84992e-05 9.71095e-13 -3.15328e-07 3.41673e-13 5.48747e-05 6.94069e-06 -3.47448e-13 -6.9483e-13 -6.95254e-13
3.33648e-07 3.28103e-07 6.29479e-07 1.37676e-08 1.35559e-08 -2.1084e-07 -1.3134e-08 1.38212e-05 4.50669e-07 -3.18985e-07 1.47189e-07 -3.98657e-07 -2.42881e-06 -2.31388e-06 -1.03137e-06 -1.18046e-06 0.00119427 -2.46957e-07 -4.54393e-07 -8.41662e-08 3.94617e-07 9.11952e-08 1.10071e-07 6.62205e-07 -2.59113e-07 6.47719e-07 6.48929e-07 5.00844e-07 9.49521e-07 7.65265e-07 9.93472e-07 1.71832e-06 9.71756e-07 -1.14816e-13 1.13172e-06 1.34811e-07 1.98318e-07 -4.7362e-08 4.27032e-07 -2.2562e-07 -5.72149e-07 4.66182e-07 1.74127e-07 -5.41113e-07 -3.00187e-07 -5.89496e-07 -5.8011e-07 4.11196e-07 1.83485e-06 5.21185e-07 3.92515e-07 -1.74706e-06 -1.60755e-07 1.29587e-06 -2.06299e-07 -7.03544e-07 -9.12056e-07 -4.34214e-07 -3.95203e-07 -4.08266e-08 -2.1034e-07 -2.76984e-07 2.19006e-07 -2.40832e-08 1.10546e-07 -2.25284e-07 -1.55193e-06 9.3862e-07 8.09249e-07 -2.51826e-07 7.36803e-08 6.48468e-07 -1.34983e-08 -8.15114e-14 4.1858e-07 9.23675e-10 9.65514e-09 3.80101e-08 -8.06235e-07 1.05174e-07 3.47724e-07 -7.42359e-07 -4.96725e-07 9.946e-08 -8.56942e-08 -8.56216e-07 2.80894e-07 4.28255e-07 2.65009e-07 -1.94035e-06 6.60857e-08 -1.14106e-06 3.42403e-07 2.40918e-06 3.29566e-07 8.12321e-07 -1.82677e-07 -1.10095e-07 -2.14272e-08 -7.53909e-08 7.15909e-08 9.49621e-08 1.31448e-07 -3.35659e-11 -1.592e-08 3.8256e-08 -9.26875e-08 -1.67037e-07 -4.9288e-07 -1.20017e-07 1.39285e-07 2.4899e-07 -1.49198e-07 -3.69274e-07 -4.33056e-08 3.0955e-08 -1.85042e-07 7.33592e-08 -6.11155e-07 -1.90375e-07 -9.19218e-10 -8.34881e-09 -1.16588e-07 3.81053e-07 6.26397e-08 -1.91833e-07 -4.74341e-07 -7.75312e-15 1.43188e-07 1.60212e-07 2.46821e-07 6.93688e-08 -4.57521e-07 -3.14156e-07 -7.50415e-08 -7.69855e-15 7.76037e-06 -9.06522e-06 7.76146e-13 -4.77665e-06 -1.92996e-07 4.81305e-06 5.8607e-05 -1.08401e-12 -7.36337e-07 -3.81677e-13 2.61597e-05 -5.58722e-06 3.87835e-13 7.75606e-13 7.76028e-13
1.27885e-06 2.86584e-07 1.01148e-06 5.92339e-08 2.37655e-08 -6.82328e-08 -2.15069e-08 1.97463e-05 3.59564e-07 -5.2925e-07 -8.29251e-07 -9.40112e-07 -1.7187e-06 -1.33396e-06 -4.26454e-07 -5.57713e-07 -2.46957e-07 0.00228376 -4.14675e-07 -2.37424e-07 -5.56787e-08 -1.76546e-07 1.44568e-07 2.78321e-07 8.33923e-08 5.12996e-07 6.0705e-07 7.05912e-07 1.331e-06 6.75074e-07 8.98549e-07 1.7908e-06 9.96579e-07 -2.3747e-15 1.3485e-06 2.32718e-07 2.33124e-07 2.33711e-07 1.76281e-07 -7.01871e-08 -3.01671e-07 -2.7938e-07 -2.59837e-07 -5.90706e-07 -7.26565e-08 -1.09112e-06 4.79872e-08 1.35907e-08 1.05163e-07 -4.04673e-07 -6.62694e-07 -5.63922e-07 -5.14162e-07 -3.49738e-07 -3.69603e-07 -4.12377e-07 -3.1159e-07 -5.26516e-07 -4.16042e-07 -1.31034e-07 -4.02549e-08 -2.54797e-07 9.34707e-08 1.12225e-08 1.57314e-08 3.91936e-07 6.50737e-07 3.48984e-07 1.17895e-06 2.59341e-07 3.15243e-07 5.3806e-07 3.31967e-07 -3.31394e-15 6.3706e-07 4.12963e-08 5.17773e-07 2.20031e-07 7.70813e-08 8.763e-08 3.05258e-08 -1.21563e-07 -1.81596e-07 -1.14703e-07 -2.65533e-08 -8.74415e-07 5.76773e-08 1.59279e-08 2.35601e-07 -3.59517e-06 -3.14592e-07 -3.43263e-06 -7.29837e-09 6.51605e-06 1.00765e-06 2.32421e-06 4.07997e-07 -2.03287e-07 -4.11067e-08 -1.74325e-07 -1.5304e-07 -6.44415e-08 -3.13292e-08 -2.18208e-14 -3.28936e-09 9.32136e-08 7.68072e-08 2.67276e-08 1.03051e-08 3.38672e-09 9.97843e-10 -1.58728e-08 -4.72062e-08 -1.10897e-08 -1.33721e-08 -1.99175e-08 -1.47225e-08 -2.66964e-08 -2.93874e-08 -8.64476e-08 -1.08824e-09 -8.33964e-08 -1.82172e-07 -2.03596e-07 -1.83414e-07 -1.90891e-07 -1.65073e-07 4.03954e-18 -2.48181e-08 -1.30526e-08 -1.67701e-08 -4.67981e-08 -6.30572e-08 -8.82292e-08 -7.93834e-08 1.0548e-18 3.82335e-06 -1.9281e-05 -4.3481e-16 -4.69286e-07 9.33646e-07 -1.88118e-06 4.14916e-05 4.9474e-16 -7.12207e-07 -8.91933e-17 4.97744e-05 8.70961e-07 -1.89477e-16 -3.71257e-16 -4.20898e-16
