Casal2
Call: ..\..\BuildSystem\Casal2\casal2 -E MPD.dat -o free.dat 
Date: Sun Nov 14 15:22:44 2021
Version: v21.11 (2021-11-14)
Copyright (c) 2017-2021, NIWA (www.niwa.co.nz)
Environment: User=alist Machine=QUIET-5950X OS=Windows_NT PID=13416


*initialisation_partition[Init]
values {dataframe}
category 1 2 3 4 5 6 7 8 9 10 11 12 13 14 15 16 17 18 19 20 21 22 23 24 25 26 27 28 29 30
HAK4 0.000000 4289983.371969 3512341.316824 2875661.851390 2354392.793186 1927613.784607 1578196.685515 1292118.160837 1057896.874887 866132.705055 709129.481876 580586.114726 475343.706936 389178.511151 318632.415516 260874.157511 213585.695437 174869.177272 143170.773198 117218.314959 95970.239281 78573.786280 64330.775213 52669.584036 43122.208202 35305.477996 28905.680587 23665.969635 19376.057142 87514.976340
*end

*estimate_value[summary]
values {dataframe}
process[Recruitment].b0 selectivity[chatTANSel].mu selectivity[chatTANSel].sigma_l selectivity[chatTANSel].sigma_r selectivity[eastFSel].mu selectivity[eastFSel].sigma_l selectivity[eastFSel].sigma_r selectivity[westFSel].mu selectivity[westFSel].sigma_l selectivity[westFSel].sigma_r process[Recruitment].ycs_values{1975} process[Recruitment].ycs_values{1976} process[Recruitment].ycs_values{1977} process[Recruitment].ycs_values{1978} process[Recruitment].ycs_values{1979} process[Recruitment].ycs_values{1980} process[Recruitment].ycs_values{1981} process[Recruitment].ycs_values{1982} process[Recruitment].ycs_values{1983} process[Recruitment].ycs_values{1984} process[Recruitment].ycs_values{1985} process[Recruitment].ycs_values{1986} process[Recruitment].ycs_values{1987} process[Recruitment].ycs_values{1988} process[Recruitment].ycs_values{1989} process[Recruitment].ycs_values{1990} process[Recruitment].ycs_values{1991} process[Recruitment].ycs_values{1992} process[Recruitment].ycs_values{1993} process[Recruitment].ycs_values{1994} process[Recruitment].ycs_values{1995} process[Recruitment].ycs_values{1996} process[Recruitment].ycs_values{1997} process[Recruitment].ycs_values{1998} process[Recruitment].ycs_values{1999} process[Recruitment].ycs_values{2000} process[Recruitment].ycs_values{2001} process[Recruitment].ycs_values{2002} process[Recruitment].ycs_values{2003} process[Recruitment].ycs_values{2004} process[Recruitment].ycs_values{2005} process[Recruitment].ycs_values{2006} process[Recruitment].ycs_values{2007} process[Recruitment].ycs_values{2008} process[Recruitment].ycs_values{2009} process[Recruitment].ycs_values{2010} process[Recruitment].ycs_values{2011} 
52706.6 9.6061 5.44352 11.6161 10.9063 3.51779 7.05112 6.57335 3.05853 8.04371 1.02704 1.05104 1.06949 1.08053 1.08285 1.07382 1.05133 1.02563 1.00994 0.423064 0.474214 0.515828 0.379063 0.52116 0.439916 0.665933 0.988908 0.749345 0.64362 0.583763 0.481226 0.316727 0.299232 0.218348 0.328061 0.216705 0.324133 0.910999 0.518746 0.429975 0.18533 0.304414 0.257298 0.229264 0.259707 3 3 
*end

*mpd[mpd]
estimate_values:
process[Recruitment].b0 selectivity[chatTANSel].mu selectivity[chatTANSel].sigma_l selectivity[chatTANSel].sigma_r selectivity[eastFSel].mu selectivity[eastFSel].sigma_l selectivity[eastFSel].sigma_r selectivity[westFSel].mu selectivity[westFSel].sigma_l selectivity[westFSel].sigma_r process[Recruitment].ycs_values{1975} process[Recruitment].ycs_values{1976} process[Recruitment].ycs_values{1977} process[Recruitment].ycs_values{1978} process[Recruitment].ycs_values{1979} process[Recruitment].ycs_values{1980} process[Recruitment].ycs_values{1981} process[Recruitment].ycs_values{1982} process[Recruitment].ycs_values{1983} process[Recruitment].ycs_values{1984} process[Recruitment].ycs_values{1985} process[Recruitment].ycs_values{1986} process[Recruitment].ycs_values{1987} process[Recruitment].ycs_values{1988} process[Recruitment].ycs_values{1989} process[Recruitment].ycs_values{1990} process[Recruitment].ycs_values{1991} process[Recruitment].ycs_values{1992} process[Recruitment].ycs_values{1993} process[Recruitment].ycs_values{1994} process[Recruitment].ycs_values{1995} process[Recruitment].ycs_values{1996} process[Recruitment].ycs_values{1997} process[Recruitment].ycs_values{1998} process[Recruitment].ycs_values{1999} process[Recruitment].ycs_values{2000} process[Recruitment].ycs_values{2001} process[Recruitment].ycs_values{2002} process[Recruitment].ycs_values{2003} process[Recruitment].ycs_values{2004} process[Recruitment].ycs_values{2005} process[Recruitment].ycs_values{2006} process[Recruitment].ycs_values{2007} process[Recruitment].ycs_values{2008} process[Recruitment].ycs_values{2009} process[Recruitment].ycs_values{2010} process[Recruitment].ycs_values{2011} 
52706.6 9.6061 5.44352 11.6161 10.9063 3.51779 7.05112 6.57335 3.05853 8.04371 1.02704 1.05104 1.06949 1.08053 1.08285 1.07382 1.05133 1.02563 1.00994 0.423064 0.474214 0.515828 0.379063 0.52116 0.439916 0.665933 0.988908 0.749345 0.64362 0.583763 0.481226 0.316727 0.299232 0.218348 0.328061 0.216705 0.324133 0.910999 0.518746 0.429975 0.18533 0.304414 0.257298 0.229264 0.259707 3 3 
covariance_matrix:
1.59941e+08 -3252.28 497.606 -9602.39 -3834.44 -1351.71 -3356.38 -1846.45 -1253.22 -5839.14 104.917 198.653 255.756 265.134 263.312 207.401 169.438 134.519 100.902 -365.528 -228.164 -296.416 -278.77 -447.793 -336.298 -625.671 -854.119 -596.497 -485.108 -418.416 -333.597 -189.98 -173.138 -118.48 -176.01 -86.7015 -138.874 -194.567 -81.7011 -82.6283 -14.7883 -76.3899 -60.5532 -0.292687 -24.134 0.00785182 -0.00498471 
-3252.28 0.798326 0.519547 -1.05885 0.0567556 0.00728689 0.0471925 0.0268768 0.00753704 0.150502 -0.00418056 -0.00763021 -0.0107721 -0.0132931 -0.0150909 -0.0157244 -0.0148318 -0.014071 -0.0129942 0.00853895 0.00601332 0.00763788 0.00864918 0.0128713 0.00731906 0.0148678 0.0133336 0.01149 0.00868572 0.00924768 0.007289 0.00556262 0.00466244 0.0032074 0.00633002 0.00408577 0.00649534 0.0156455 0.0129073 0.0105081 0.00453464 0.00827831 0.00742911 0.00328661 0.00228317 5.55129e-09 -7.23077e-09 
497.606 0.519547 0.567716 -0.810399 -0.0385135 -0.0244436 -0.020953 -0.0385977 -0.0270762 0.00187823 -0.000714152 0.00191937 0.00311078 0.00356086 0.00245603 0.00213108 0.00262074 0.00336229 0.00346034 0.00406799 0.00445736 0.00368702 0.00243764 0.00413549 -0.00302467 -2.84635e-05 -0.00482171 0.00122309 -7.15106e-05 0.000608777 -0.000562173 -3.16439e-06 -0.0009172 1.41234e-05 -0.000115082 0.00177447 -0.000871839 -0.000464031 0.00169523 -0.00261888 -0.00132551 -0.00470554 -0.00592876 -0.00770976 -0.00900263 2.70365e-07 -1.90618e-07 
-9602.39 -1.05885 -0.810399 7.48985 0.364449 0.140173 0.447244 0.145607 0.0921034 0.467139 -0.0158235 -0.0281549 -0.0360671 -0.0358743 -0.0361331 -0.0261331 -0.0222364 -0.0184855 -0.0133732 0.0437439 0.0230668 0.0156678 0.0154407 0.0425506 0.0229007 0.0528393 0.0888907 0.0585789 0.0586553 0.0475544 0.0424907 0.0240384 0.0233178 0.0185104 0.0251476 0.0159026 0.0233814 0.0586053 0.0225279 0.0222938 0.00627938 0.0144139 0.0159761 0.00566223 0.0211102 -1.36423e-06 8.76773e-07 
-3834.44 0.0567556 -0.0385135 0.364449 0.929848 0.531267 -0.815218 -0.015766 -0.0353639 0.2316 -0.00411678 -0.00693816 -0.00954 -0.0116916 -0.0130555 -0.012915 -0.0114874 -0.0107051 -0.00927693 0.00856745 0.00234007 0.00278759 0.00552312 0.00979803 0.00579087 0.0133809 0.00808814 0.0129241 0.00959235 0.0100482 0.00823749 0.00658201 0.00537475 0.00610382 0.00823273 0.00469867 0.00764719 0.00343326 -0.00231341 0.0050183 0.00300455 0.00356366 0.00441396 0.00143325 0.00270987 -1.39187e-07 5.01609e-08 
-1351.71 0.00728689 -0.0244436 0.140173 0.531267 0.352973 -0.454366 -0.0230042 -0.0289201 0.0973376 -0.00189419 -0.00283033 -0.00415898 -0.00546558 -0.00624133 -0.00659623 -0.00552748 -0.00525133 -0.00440221 0.00246166 0.000573639 0.000443304 0.00190963 0.00330055 0.00230609 0.00409484 -0.0003224 0.00533013 0.00328298 0.00396203 0.00294084 0.00235146 0.00156237 0.00273143 0.00301768 0.000948379 0.00314888 -0.00340254 -0.00529057 0.00160961 0.00126436 0.000906295 0.000782738 -7.10096e-05 -1.15003e-05 -3.28581e-08 -4.57467e-09 
-3356.38 0.0471925 -0.020953 0.447244 -0.815218 -0.454366 2.40595 0.0715928 0.0620045 0.115585 -0.00432551 -0.00803927 -0.00888564 -0.0123885 -0.0107815 -0.00782609 -0.00768305 -0.00741029 -0.00585837 0.00708129 0.00742498 0.00490871 0.00418677 0.017501 0.00471462 0.0171357 0.0375612 0.0214476 0.0175445 0.0193667 0.016494 0.00638476 0.00938527 0.00203239 0.00734857 -0.000390708 0.00676021 0.0232238 0.0137127 0.00532133 0.00151024 0.00678803 0.0103275 0.00256486 0.00566577 2.32718e-07 -1.74024e-07 
-1846.45 0.0268768 -0.0385977 0.145607 -0.015766 -0.0230042 0.0715928 1.0009 0.938029 -0.879712 -0.00310794 -0.00441944 -0.00503024 -0.00674088 -0.00828243 -0.00972638 -0.00936532 -0.00908545 -0.0075221 -0.00691498 -0.0020942 -0.00331687 0.00564592 0.00344086 -0.0108926 0.00826069 -0.0163176 -1.55984e-05 0.00487741 0.00831901 0.00315447 0.0051693 0.00355297 0.00179183 0.00302843 0.00184874 0.00137354 -0.00337195 0.00949079 0.0119513 0.000337204 0.0084645 0.00337469 -0.00294907 0.00328553 1.10735e-07 -6.41458e-08 
-1253.22 0.00753704 -0.0270762 0.0921034 -0.0353639 -0.0289201 0.0620045 0.938029 0.982543 -0.784395 -0.00217096 -0.0027513 -0.00244558 -0.00351832 -0.00500665 -0.00598161 -0.00535395 -0.00453117 -0.00347028 -0.00498403 -0.00166937 0.000150836 0.00543265 0.00305153 -0.0120537 0.0113563 -0.0149129 0.00251451 0.00656482 0.00777434 0.000997471 0.00520377 0.00234566 0.000757702 0.00134189 0.00154315 -0.00031399 -0.00459945 0.00975712 0.0101907 -0.00167485 0.00453901 -0.00188587 -0.00620924 0.00139107 2.28511e-07 -1.44571e-07 
-5839.14 0.150502 0.00187823 0.467139 0.2316 0.0973376 0.115585 -0.879712 -0.784395 2.18484 -0.00463453 -0.0110063 -0.0151223 -0.0186561 -0.0177467 -0.0133259 -0.0127249 -0.0117394 -0.012044 0.0265938 0.0122452 0.0157079 0.00404261 0.0223492 0.0245191 0.0269432 0.0640581 0.0343014 0.0259327 0.0188721 0.0191956 0.00903536 0.00926825 0.00698091 0.0113032 0.00559374 0.012144 0.0337341 0.0103137 0.00622978 0.00530906 0.0051804 0.00745488 0.00735825 0.0038529 -3.78795e-07 2.02236e-07 
104.917 -0.00418056 -0.000714152 -0.0158235 -0.00411678 -0.00189419 -0.00432551 -0.00310794 -0.00217096 -0.00463453 0.00503322 0.00454826 0.0039251 0.00349961 0.00318115 0.0029197 0.00261596 0.00244565 0.00213757 -8.57733e-05 0.000867587 0.000623041 0.000545448 0.000443281 0.000529005 0.00077267 0.00106151 0.000925706 0.000688175 0.000506387 0.000398995 0.000281799 0.000290437 0.000169634 0.000206177 0.000162712 0.000163216 0.000828577 0.000335132 0.000203675 5.95173e-05 8.60023e-05 -0.00014853 -0.000124852 -2.8124e-06 1.33084e-08 -1.0354e-08 
198.653 -0.00763021 0.00191937 -0.0281549 -0.00693816 -0.00283033 -0.00803927 -0.00441944 -0.0027513 -0.0110063 0.00454826 0.00960911 0.00840191 0.00742069 0.0064838 0.00578184 0.00510617 0.00478467 0.00437049 -0.000560977 0.00168346 0.00108948 0.000745765 0.00080097 0.000722471 0.00116921 0.00198728 0.00144764 0.00113285 0.000938483 0.00075796 0.000420412 0.000561588 0.000371381 0.000390821 0.000188714 0.000297346 0.00143073 0.000341636 0.000213734 -4.28371e-05 -0.000144739 -0.000238747 -0.000319122 -0.000494743 -3.63673e-08 2.56927e-08 
255.756 -0.0107721 0.00311078 -0.0360671 -0.00954 -0.00415898 -0.00888564 -0.00503024 -0.00244558 -0.0151223 0.0039251 0.00840191 0.013594 0.0117945 0.0101658 0.00897488 0.00791409 0.0074786 0.00706117 -0.000907547 0.0023055 0.00203818 0.00103614 0.00140806 0.001243 0.00194412 0.0031239 0.00239567 0.00181805 0.00162986 0.00124549 0.000673023 0.000936461 0.000524704 0.000901311 0.000354677 0.00060639 0.00240816 0.000727692 0.000409358 0.000144771 -0.000238081 -9.88777e-05 -0.000529756 -0.00105528 -6.99377e-08 5.01678e-08 
265.134 -0.0132931 0.00356086 -0.0358743 -0.0116916 -0.00546558 -0.0123885 -0.00674088 -0.00351832 -0.0186561 0.00349961 0.00742069 0.0117945 0.0161874 0.0141421 0.0120971 0.0106387 0.00990315 0.00922758 -0.000453948 0.00266451 0.00274669 0.00160673 0.00197896 0.00176413 0.00258177 0.00442887 0.00321876 0.00273932 0.00214623 0.00168073 0.00105951 0.00121289 0.000903488 0.000931703 0.000705366 0.00071567 0.00284979 0.00107048 0.000568465 -7.02801e-06 -2.85922e-05 -0.000495251 -0.000575252 -0.000774538 4.21887e-08 -3.2863e-08 
263.312 -0.0150909 0.00245603 -0.0361331 -0.0130555 -0.00624133 -0.0107815 -0.00828243 -0.00500665 -0.0177467 0.00318115 0.0064838 0.0101658 0.0141421 0.0179774 0.0156519 0.0136904 0.0124056 0.011619 -0.000912498 0.00348143 0.00308112 0.00196677 0.00277372 0.00209508 0.00324761 0.0054019 0.00400631 0.00318809 0.00285144 0.00222752 0.00136962 0.00153899 0.00102722 0.00139705 0.000756393 0.00112784 0.0038603 0.001573 0.000922982 8.87368e-05 0.000169793 -9.48384e-05 -0.000242424 -0.000781679 2.22468e-09 -4.58853e-09 
207.401 -0.0157244 0.00213108 -0.0261331 -0.012915 -0.00659623 -0.00782609 -0.00972638 -0.00598161 -0.0133259 0.0029197 0.00578184 0.00897488 0.0120971 0.0156519 0.0192853 0.0167187 0.0151442 0.0142429 -0.00142696 0.00442072 0.00329687 0.00216252 0.00340994 0.00258603 0.00424235 0.00685884 0.00501948 0.00379193 0.00357916 0.00293195 0.00180582 0.00196232 0.00123942 0.00168005 0.000791089 0.00137147 0.00467428 0.00205282 0.00115666 0.000258936 0.000265102 0.000406293 -1.23053e-05 -0.000571742 6.05741e-08 -4.73416e-08 
169.438 -0.0148318 0.00262074 -0.0222364 -0.0114874 -0.00552748 -0.00768305 -0.00936532 -0.00535395 -0.0127249 0.00261596 0.00510617 0.00791409 0.0106387 0.0136904 0.0167187 0.0199563 0.0182771 0.0171617 -0.00348598 0.00578209 0.00318609 0.00239885 0.00361425 0.00290854 0.00445047 0.0073562 0.00549603 0.00424049 0.00405188 0.00325393 0.00197569 0.00195755 0.00133231 0.00196336 0.001052 0.00158135 0.00514956 0.00245468 0.00136395 0.000423589 0.000390494 0.000329563 -4.1973e-05 -0.000690946 -1.89119e-07 1.37276e-07 
134.519 -0.014071 0.00336229 -0.0184855 -0.0107051 -0.00525133 -0.00741029 -0.00908545 -0.00453117 -0.0117394 0.00244565 0.00478467 0.0074786 0.00990315 0.0124056 0.0151442 0.0182771 0.0222241 0.0208434 -0.00478679 0.00607774 0.00351085 0.00246638 0.0038138 0.00318352 0.00501073 0.00812089 0.00604434 0.00482416 0.00440876 0.00363411 0.00223264 0.00214848 0.00143948 0.00195263 0.00111455 0.00156288 0.00545804 0.00245453 0.00157457 0.000410001 0.000477587 0.000238438 -0.000124471 -0.000813703 1.10076e-08 -1.20385e-08 
100.902 -0.0129942 0.00346034 -0.0133732 -0.00927693 -0.00440221 -0.00585837 -0.0075221 -0.00347028 -0.012044 0.00213757 0.00437049 0.00706117 0.00922758 0.011619 0.0142429 0.0171617 0.0208434 0.0251911 -0.00629332 0.00607606 0.0037023 0.00252388 0.00407054 0.00326639 0.00488666 0.00813129 0.0060521 0.00496136 0.00458614 0.00374008 0.00227304 0.00218818 0.00143346 0.00211111 0.00119829 0.0016805 0.0055197 0.00254309 0.00169588 0.000487673 0.000647541 0.000410999 -9.31585e-05 -0.000607178 1.65338e-08 -1.63145e-08 
-365.528 0.00853895 0.00406799 0.0437439 0.00856745 0.00246166 0.00708129 -0.00691498 -0.00498403 0.0265938 -8.57733e-05 -0.000560977 -0.000907547 -0.000453948 -0.000912498 -0.00142696 -0.00348598 -0.00478679 -0.00629332 0.0739889 -0.0348042 0.0134791 0.0010928 0.00401138 0.00328646 0.0047148 0.00732197 0.00560728 0.00430552 0.00430826 0.00327471 0.00193727 0.00210938 0.0011708 0.00268027 0.00109787 0.00213189 0.00583997 0.00283502 0.00220995 0.000929422 0.00135761 0.00120663 0.000840288 0.00137341 -2.09448e-07 1.56605e-07 
-228.164 0.00601332 0.00445736 0.0230668 0.00234007 0.000573639 0.00742498 -0.0020942 -0.00166937 0.0122452 0.000867587 0.00168346 0.0023055 0.00266451 0.00348143 0.00442072 0.00578209 0.00607774 0.00607606 -0.0348042 0.0627268 -0.0212447 0.00576604 0.00192569 0.00306419 0.00318902 0.00614922 0.00430415 0.00317266 0.00297209 0.00255734 0.00171851 0.00152336 0.00107732 0.0011543 0.000782521 0.00135725 0.00336539 0.00232555 0.00108367 0.000369829 0.00104296 0.000569807 0.000820689 0.00040366 2.34943e-07 -1.71448e-07 
-296.416 0.00763788 0.00368702 0.0156678 0.00278759 0.000443304 0.00490871 -0.00331687 0.000150836 0.0157079 0.000623041 0.00108948 0.00203818 0.00274669 0.00308112 0.00329687 0.00318609 0.00351085 0.0037023 0.0134791 -0.0212447 0.0405499 -0.00856442 0.00473365 0.00283675 0.00540378 0.00701968 0.00512728 0.0047239 0.00357919 0.00318219 0.00196549 0.00179436 0.00134773 0.00197552 0.00124809 0.00184948 0.00533248 0.00235173 0.00221544 0.000603316 0.00123808 0.000585968 5.56428e-05 -0.000309559 -7.64021e-08 5.29126e-08 
-278.77 0.00864918 0.00243764 0.0154407 0.00552312 0.00190963 0.00418677 0.00564592 0.00543265 0.00404261 0.000545448 0.000745765 0.00103614 0.00160673 0.00196677 0.00216252 0.00239885 0.00246638 0.00252388 0.0010928 0.00576604 -0.00856442 0.0233481 -0.00564761 0.00331237 0.00303708 0.00515897 0.00349661 0.00321035 0.00259504 0.00225962 0.00127493 0.00139764 0.000970521 0.00125739 0.00079942 0.00131216 0.00350696 0.00141821 0.00128795 0.000295594 0.00113542 0.000575861 0.000332113 0.000721106 -2.19932e-08 1.26125e-08 
-447.793 0.0128713 0.00413549 0.0425506 0.00979803 0.00330055 0.017501 0.00344086 0.00305153 0.0223492 0.000443281 0.00080097 0.00140806 0.00197896 0.00277372 0.00340994 0.00361425 0.0038138 0.00407054 0.00401138 0.00192569 0.00473365 -0.00564761 0.0287322 -0.00563418 0.00588393 0.00811644 0.00568761 0.00435838 0.00460161 0.00366747 0.0022074 0.00231932 0.00134736 0.00245097 0.000853273 0.00245827 0.00534643 0.00289558 0.00232572 0.000594299 0.00174616 0.00143664 0.0011587 0.000395798 6.34552e-08 -4.29702e-08 
-336.298 0.00731906 -0.00302467 0.0229007 0.00579087 0.00230609 0.00471462 -0.0108926 -0.0120537 0.0245191 0.000529005 0.000722471 0.001243 0.00176413 0.00209508 0.00258603 0.00290854 0.00318352 0.00326639 0.00328646 0.00306419 0.00283675 0.00331237 -0.00563418 0.024218 -0.00501488 0.00855464 0.00429488 0.00389829 0.00331273 0.00293792 0.00176034 0.00167095 0.00127869 0.00142448 0.00115685 0.00132638 0.00462834 0.00227227 0.00176538 0.000951731 0.0011821 0.00129033 0.000512858 0.000836148 -7.00924e-08 4.37485e-08 
-625.671 0.0148678 -2.84635e-05 0.0528393 0.0133809 0.00409484 0.0171357 0.00826069 0.0113563 0.0269432 0.00077267 0.00116921 0.00194412 0.00258177 0.00324761 0.00424235 0.00445047 0.00501073 0.00488666 0.0047148 0.00318902 0.00540378 0.00303708 0.00588393 -0.00501488 0.037783 -0.00124198 0.0102053 0.00671804 0.00578954 0.00498884 0.00332528 0.00298944 0.0021977 0.00273889 0.00153738 0.00273447 0.00694638 0.00411892 0.00374752 0.00101277 0.00226405 0.0015856 0.0013039 0.00125449 -6.75741e-09 4.93194e-09 
-854.119 0.0133336 -0.00482171 0.0888907 0.00808814 -0.0003224 0.0375612 -0.0163176 -0.0149129 0.0640581 0.00106151 0.00198728 0.0031239 0.00442887 0.0054019 0.00685884 0.0073562 0.00812089 0.00813129 0.00732197 0.00614922 0.00701968 0.00515897 0.00811644 0.00855464 -0.00124198 0.0504154 0.00127543 0.0119764 0.0086912 0.00767813 0.00466721 0.00461973 0.00314866 0.00426393 0.00253263 0.00398388 0.0108553 0.00566646 0.00421698 0.00154537 0.00325049 0.00289706 0.00178934 0.0018048 -7.65587e-08 5.07386e-08 
-596.497 0.01149 0.00122309 0.0585789 0.0129241 0.00533013 0.0214476 -1.55984e-05 0.00251451 0.0343014 0.000925706 0.00144764 0.00239567 0.00321876 0.00400631 0.00501948 0.00549603 0.00604434 0.0060521 0.00560728 0.00430415 0.00512728 0.00349661 0.00568761 0.00429488 0.0102053 0.00127543 0.0352298 -0.000918298 0.0080591 0.00574046 0.00347073 0.00362591 0.00227543 0.00320599 0.00179768 0.00295564 0.00837813 0.00409929 0.00289332 0.00120827 0.00250801 0.00183703 0.00113297 0.000686895 -1.5617e-08 6.50632e-09 
-485.108 0.00868572 -7.15106e-05 0.0586553 0.00959235 0.00328298 0.0175445 0.00487741 0.00656482 0.0259327 0.000688175 0.00113285 0.00181805 0.00273932 0.00318809 0.00379193 0.00424049 0.00482416 0.00496136 0.00430552 0.00317266 0.0047239 0.00321035 0.00435838 0.00389829 0.00671804 0.0119764 -0.000918298 0.0255138 -0.00015233 0.00536011 0.00295569 0.00292881 0.0021651 0.00255212 0.00155009 0.00264054 0.00682394 0.00345685 0.00323365 0.000756797 0.00208644 0.00120927 0.000976036 0.000935218 -9.90286e-09 5.90434e-09 
-418.416 0.00924768 0.000608777 0.0475544 0.0100482 0.00396203 0.0193667 0.00831901 0.00777434 0.0188721 0.000506387 0.000938483 0.00162986 0.00214623 0.00285144 0.00357916 0.00405188 0.00440876 0.00458614 0.00430826 0.00297209 0.00357919 0.00259504 0.00460161 0.00331273 0.00578954 0.0086912 0.0080591 -0.00015233 0.0195485 0.000966 0.00296722 0.00271406 0.00179167 0.0028629 0.00128182 0.00234001 0.00666405 0.00342754 0.00259726 0.000916631 0.00185352 0.00155738 0.000940315 0.000689367 2.68501e-08 -2.35116e-08 
-333.597 0.007289 -0.000562173 0.0424907 0.00823749 0.00294084 0.016494 0.00315447 0.000997471 0.0191956 0.000398995 0.00075796 0.00124549 0.00168073 0.00222752 0.00293195 0.00325393 0.00363411 0.00374008 0.00327471 0.00255734 0.00318219 0.00225962 0.00366747 0.00293792 0.00498884 0.00767813 0.00574046 0.00536011 0.000966 0.0139937 -8.28853e-05 0.00243456 0.00148072 0.00219622 0.00125008 0.00200543 0.00553511 0.00300517 0.00229157 0.000959725 0.00182469 0.00152215 0.00100071 0.000815839 -6.42003e-09 2.38126e-09 
-189.98 0.00556262 -3.16439e-06 0.0240384 0.00658201 0.00235146 0.00638476 0.0051693 0.00520377 0.00903536 0.000281799 0.000420412 0.000673023 0.00105951 0.00136962 0.00180582 0.00197569 0.00223264 0.00227304 0.00193727 0.00171851 0.00196549 0.00127493 0.0022074 0.00176034 0.00332528 0.00466721 0.00347073 0.00295569 0.00296722 -8.28853e-05 0.00888214 -0.000544616 0.00112769 0.00125381 0.000856741 0.00134207 0.00347518 0.00211403 0.00183939 0.000688117 0.00118702 0.00106685 0.000630159 0.000322152 -2.69237e-08 1.81863e-08 
-173.138 0.00466244 -0.0009172 0.0233178 0.00537475 0.00156237 0.00938527 0.00355297 0.00234566 0.00926825 0.000290437 0.000561588 0.000936461 0.00121289 0.00153899 0.00196232 0.00195755 0.00214848 0.00218818 0.00210938 0.00152336 0.00179436 0.00139764 0.00231932 0.00167095 0.00298944 0.00461973 0.00362591 0.00292881 0.00271406 0.00243456 -0.000544616 0.00811126 -0.000893552 0.00176433 0.000565656 0.0012821 0.00384312 0.00175973 0.0015522 0.000616255 0.0011525 0.00110854 0.000495979 0.000110694 -2.58233e-08 1.74613e-08 
-118.48 0.0032074 1.41234e-05 0.0185104 0.00610382 0.00273143 0.00203239 0.00179183 0.000757702 0.00698091 0.000169634 0.000371381 0.000524704 0.000903488 0.00102722 0.00123942 0.00133231 0.00143948 0.00143346 0.0011708 0.00107732 0.00134773 0.000970521 0.00134736 0.00127869 0.0021977 0.00314866 0.00227543 0.0021651 0.00179167 0.00148072 0.00112769 -0.000893552 0.00698223 -0.00142569 0.00103962 0.000908356 0.002362 0.0013312 0.00114388 0.000289642 0.000839333 0.00057267 0.000500201 0.000127968 -6.03843e-09 3.94048e-09 
-176.01 0.00633002 -0.000115082 0.0251476 0.00823273 0.00301768 0.00734857 0.00302843 0.00134189 0.0113032 0.000206177 0.000390821 0.000901311 0.000931703 0.00139705 0.00168005 0.00196336 0.00195263 0.00211111 0.00268027 0.0011543 0.00197552 0.00125739 0.00245097 0.00142448 0.00273889 0.00426393 0.00320599 0.00255212 0.0028629 0.00219622 0.00125381 0.00176433 -0.00142569 0.0107602 -0.00178853 0.00193164 0.00483451 0.00210659 0.00194444 0.000752929 0.00109198 0.00120696 0.000653238 0.00051572 7.79367e-08 -6.06025e-08 
-86.7015 0.00408577 0.00177447 0.0159026 0.00469867 0.000948379 -0.000390708 0.00184874 0.00154315 0.00559374 0.000162712 0.000188714 0.000354677 0.000705366 0.000756393 0.000791089 0.001052 0.00111455 0.00119829 0.00109787 0.000782521 0.00124809 0.00079942 0.000853273 0.00115685 0.00153738 0.00253263 0.00179768 0.00155009 0.00128182 0.00125008 0.000856741 0.000565656 0.00103962 -0.00178853 0.00823913 -0.00191332 0.00313383 0.00159935 0.00108983 0.000306363 0.0010183 0.000255317 0.000510004 7.96612e-05 5.44811e-08 -3.92309e-08 
-138.874 0.00649534 -0.000871839 0.0233814 0.00764719 0.00314888 0.00676021 0.00137354 -0.00031399 0.012144 0.000163216 0.000297346 0.00060639 0.00071567 0.00112784 0.00137147 0.00158135 0.00156288 0.0016805 0.00213189 0.00135725 0.00184948 0.00131216 0.00245827 0.00132638 0.00273447 0.00398388 0.00295564 0.00264054 0.00234001 0.00200543 0.00134207 0.0012821 0.000908356 0.00193164 -0.00191332 0.0135633 -9.15607e-05 0.003286 0.00219835 0.000885807 0.00129218 0.00162828 0.000962715 0.000725376 3.7067e-08 -3.11554e-08 
-194.567 0.0156455 -0.000464031 0.0586053 0.00343326 -0.00340254 0.0232238 -0.00337195 -0.00459945 0.0337341 0.000828577 0.00143073 0.00240816 0.00284979 0.0038603 0.00467428 0.00514956 0.00545804 0.0055197 0.00583997 0.00336539 0.00533248 0.00350696 0.00534643 0.00462834 0.00694638 0.0108553 0.00837813 0.00682394 0.00666405 0.00553511 0.00347518 0.00384312 0.002362 0.00483451 0.00313383 -9.15607e-05 0.0427466 0.00195442 0.00786482 0.00271406 0.00514756 0.00382657 0.00274844 0.00164151 6.03526e-08 -4.7324e-08 
-81.7011 0.0129073 0.00169523 0.0225279 -0.00231341 -0.00529057 0.0137127 0.00949079 0.00975712 0.0103137 0.000335132 0.000341636 0.000727692 0.00107048 0.001573 0.00205282 0.00245468 0.00245453 0.00254309 0.00283502 0.00232555 0.00235173 0.00141821 0.00289558 0.00227227 0.00411892 0.00566646 0.00409929 0.00345685 0.00342754 0.00300517 0.00211403 0.00175973 0.0013312 0.00210659 0.00159935 0.003286 0.00195442 0.0257119 -0.000293383 0.00230261 0.00287359 0.00271867 0.00192141 0.000699404 5.12068e-08 -4.20682e-08 
-82.6283 0.0105081 -0.00261888 0.0222938 0.0050183 0.00160961 0.00532133 0.0119513 0.0101907 0.00622978 0.000203675 0.000213734 0.000409358 0.000568465 0.000922982 0.00115666 0.00136395 0.00157457 0.00169588 0.00220995 0.00108367 0.00221544 0.00128795 0.00232572 0.00176538 0.00374752 0.00421698 0.00289332 0.00323365 0.00259726 0.00229157 0.00183939 0.0015522 0.00114388 0.00194444 0.00108983 0.00219835 0.00786482 -0.000293383 0.0211369 -0.000715797 0.003155 0.00261376 0.0018221 0.00137986 1.81836e-08 -1.5619e-08 
-14.7883 0.00453464 -0.00132551 0.00627938 0.00300455 0.00126436 0.00151024 0.000337204 -0.00167485 0.00530906 5.95173e-05 -4.28371e-05 0.000144771 -7.02801e-06 8.87368e-05 0.000258936 0.000423589 0.000410001 0.000487673 0.000929422 0.000369829 0.000603316 0.000295594 0.000594299 0.000951731 0.00101277 0.00154537 0.00120827 0.000756797 0.000916631 0.000959725 0.000688117 0.000616255 0.000289642 0.000752929 0.000306363 0.000885807 0.00271406 0.00230261 -0.000715797 0.00812096 -0.000129951 0.00129028 0.000833799 0.000151325 7.80839e-08 -5.78515e-08 
-76.3899 0.00827831 -0.00470554 0.0144139 0.00356366 0.000906295 0.00678803 0.0084645 0.00453901 0.0051804 8.60023e-05 -0.000144739 -0.000238081 -2.85922e-05 0.000169793 0.000265102 0.000390494 0.000477587 0.000647541 0.00135761 0.00104296 0.00123808 0.00113542 0.00174616 0.0011821 0.00226405 0.00325049 0.00250801 0.00208644 0.00185352 0.00182469 0.00118702 0.0011525 0.000839333 0.00109198 0.0010183 0.00129218 0.00514756 0.00287359 0.003155 -0.000129951 0.0152878 0.000547766 0.00185367 0.00113886 -1.64981e-08 8.94281e-09 
-60.5532 0.00742911 -0.00592876 0.0159761 0.00441396 0.000782738 0.0103275 0.00337469 -0.00188587 0.00745488 -0.00014853 -0.000238747 -9.88777e-05 -0.000495251 -9.48384e-05 0.000406293 0.000329563 0.000238438 0.000410999 0.00120663 0.000569807 0.000585968 0.000575861 0.00143664 0.00129033 0.0015856 0.00289706 0.00183703 0.00120927 0.00155738 0.00152215 0.00106685 0.00110854 0.00057267 0.00120696 0.000255317 0.00162828 0.00382657 0.00271867 0.00261376 0.00129028 0.000547766 0.0183023 0.000961253 0.000869376 7.64858e-08 -5.65374e-08 
-0.292687 0.00328661 -0.00770976 0.00566223 0.00143325 -7.10096e-05 0.00256486 -0.00294907 -0.00620924 0.00735825 -0.000124852 -0.000319122 -0.000529756 -0.000575252 -0.000242424 -1.23053e-05 -4.1973e-05 -0.000124471 -9.31585e-05 0.000840288 0.000820689 5.56428e-05 0.000332113 0.0011587 0.000512858 0.0013039 0.00178934 0.00113297 0.000976036 0.000940315 0.00100071 0.000630159 0.000495979 0.000500201 0.000653238 0.000510004 0.000962715 0.00274844 0.00192141 0.0018221 0.000833799 0.00185367 0.000961253 0.0202141 0.000423217 -3.43518e-08 2.23015e-08 
-24.134 0.00228317 -0.00900263 0.0211102 0.00270987 -1.15003e-05 0.00566577 0.00328553 0.00139107 0.0038529 -2.8124e-06 -0.000494743 -0.00105528 -0.000774538 -0.000781679 -0.000571742 -0.000690946 -0.000813703 -0.000607178 0.00137341 0.00040366 -0.000309559 0.000721106 0.000395798 0.000836148 0.00125449 0.0018048 0.000686895 0.000935218 0.000689367 0.000815839 0.000322152 0.000110694 0.000127968 0.00051572 7.96612e-05 0.000725376 0.00164151 0.000699404 0.00137986 0.000151325 0.00113886 0.000869376 0.000423217 0.0367156 -5.45298e-09 8.81097e-09 
0.00785182 5.55129e-09 2.70365e-07 -1.36423e-06 -1.39187e-07 -3.28581e-08 2.32718e-07 1.10735e-07 2.28511e-07 -3.78795e-07 1.33084e-08 -3.63673e-08 -6.99377e-08 4.21887e-08 2.22468e-09 6.05741e-08 -1.89119e-07 1.10076e-08 1.65338e-08 -2.09448e-07 2.34943e-07 -7.64021e-08 -2.19932e-08 6.34552e-08 -7.00924e-08 -6.75741e-09 -7.65587e-08 -1.5617e-08 -9.90286e-09 2.68501e-08 -6.42003e-09 -2.69237e-08 -2.58233e-08 -6.03843e-09 7.79367e-08 5.44811e-08 3.7067e-08 6.03526e-08 5.12068e-08 1.81836e-08 7.80839e-08 -1.64981e-08 7.64858e-08 -3.43518e-08 -5.45298e-09 1.77558e-08 -1.59106e-09 
-0.00498471 -7.23077e-09 -1.90618e-07 8.76773e-07 5.01609e-08 -4.57467e-09 -1.74024e-07 -6.41458e-08 -1.44571e-07 2.02236e-07 -1.0354e-08 2.56927e-08 5.01678e-08 -3.2863e-08 -4.58853e-09 -4.73416e-08 1.37276e-07 -1.20385e-08 -1.63145e-08 1.56605e-07 -1.71448e-07 5.29126e-08 1.26125e-08 -4.29702e-08 4.37485e-08 4.93194e-09 5.07386e-08 6.50632e-09 5.90434e-09 -2.35116e-08 2.38126e-09 1.81863e-08 1.74613e-08 3.94048e-09 -6.06025e-08 -3.92309e-08 -3.11554e-08 -4.7324e-08 -4.20682e-08 -1.5619e-08 -5.78515e-08 8.94281e-09 -5.65374e-08 2.23015e-08 8.81097e-09 -1.59106e-09 1.1627e-08 
*end

*objective_function[objective]
values {vector}
observation->chatTANbiomass-1992 -1.03332
observation->chatTANbiomass-1993 -1.33415
observation->chatTANbiomass-1994 -1.2847
observation->chatTANbiomass-1995 -0.935274
observation->chatTANbiomass-1996 -1.43611
observation->chatTANbiomass-1997 -1.19948
observation->chatTANbiomass-1998 -1.06253
observation->chatTANbiomass-1999 -1.45322
observation->chatTANbiomass-2000 -1.52771
observation->chatTANbiomass-2001 -1.1564
observation->chatTANbiomass-2002 -1.26326
observation->chatTANbiomass-2003 1.81921
observation->chatTANbiomass-2004 -1.35296
observation->chatTANbiomass-2005 -0.844851
observation->chatTANbiomass-2006 -1.3063
observation->chatTANbiomass-2007 -0.877358
observation->chatTANbiomass-2008 -1.28336
observation->chatTANbiomass-2009 0.593474
observation->chatTANbiomass-2010 -0.985984
observation->chatTANbiomass-2011 -0.837256
observation->chatTANbiomass-2012 -1.28602
observation->chatTANage-1990 17.6108
observation->chatTANage-1992 21.6245
observation->chatTANage-1993 21.1166
observation->chatTANage-1994 21.4521
observation->chatTANage-1995 16.6873
observation->chatTANage-1996 13.9139
observation->chatTANage-1997 15.4173
observation->chatTANage-1998 13.9446
observation->chatTANage-1999 15.0354
observation->chatTANage-2000 20.5055
observation->chatTANage-2001 16.3997
observation->chatTANage-2002 16.9129
observation->chatTANage-2003 10.6708
observation->chatTANage-2004 15.429
observation->chatTANage-2005 13.0481
observation->chatTANage-2006 13.0934
observation->chatTANage-2007 13.733
observation->chatTANage-2008 13.1011
observation->chatTANage-2009 15.8834
observation->chatTANage-2010 12.0737
observation->chatTANage-2011 12.3096
observation->chatTANage-2012 11.911
observation->chatOBSwst-1992 17.2591
observation->chatOBSwst-1994 9.58202
observation->chatOBSwst-1995 9.9018
observation->chatOBSwst-1996 8.2293
observation->chatOBSwst-1997 7.02403
observation->chatOBSwst-1998 21.5187
observation->chatOBSwst-1999 16.4986
observation->chatOBSwst-2000 17.654
observation->chatOBSwst-2001 16.7564
observation->chatOBSwst-2002 13.9499
observation->chatOBSwst-2003 11.6907
observation->chatOBSwst-2004 14.2076
observation->chatOBSwst-2005 17.1853
observation->chatOBSwst-2006 7.56759
observation->chatOBSwst-2008 10.6956
observation->chatOBSwst-2009 8.91511
observation->chatOBSwst-2010 9.36238
observation->chatOBSwst-2011 9.17571
observation->chatOBSest-1992 14.8542
observation->chatOBSest-1995 15.8078
observation->chatOBSest-1997 15.4446
observation->chatOBSest-1998 17.1892
observation->chatOBSest-2001 21.4569
observation->chatOBSest-2004 20.7888
observation->chatOBSest-2007 21.5101
prior->B0->process[Recruitment].b0 10.8725
prior->TANSel_mu->selectivity[chatTANSel].mu 1.28977
prior->TANSel_sl->selectivity[chatTANSel].sigma_l 4.1523e-05
prior->TANSel_sr->selectivity[chatTANSel].sigma_r 5.2236e-06
prior->eastFSel_mu->selectivity[eastFSel].mu 0
prior->eastFSel_sl->selectivity[eastFSel].sigma_l 0
prior->eastFSel_sr->selectivity[eastFSel].sigma_r 0
prior->westFSel_mu->selectivity[westFSel].mu 0
prior->westFSel_sl->selectivity[westFSel].sigma_l 0
prior->westFSel_sr->selectivity[westFSel].sigma_r 0
prior->YCS->process[Recruitment].ycs_values{1975} 0.139596
prior->YCS->process[Recruitment].ycs_values{1976} 0.175351
prior->YCS->process[Recruitment].ycs_values{1977} 0.202735
prior->YCS->process[Recruitment].ycs_values{1978} 0.219086
prior->YCS->process[Recruitment].ycs_values{1979} 0.22251
prior->YCS->process[Recruitment].ycs_values{1980} 0.209161
prior->YCS->process[Recruitment].ycs_values{1981} 0.175793
prior->YCS->process[Recruitment].ycs_values{1982} 0.137483
prior->YCS->process[Recruitment].ycs_values{1983} 0.114025
prior->YCS->process[Recruitment].ycs_values{1984} -0.724638
prior->YCS->process[Recruitment].ycs_values{1985} -0.669033
prior->YCS->process[Recruitment].ycs_values{1986} -0.617541
prior->YCS->process[Recruitment].ycs_values{1987} -0.762632
prior->YCS->process[Recruitment].ycs_values{1988} -0.610634
prior->YCS->process[Recruitment].ycs_values{1989} -0.707458
prior->YCS->process[Recruitment].ycs_values{1990} -0.406502
prior->YCS->process[Recruitment].ycs_values{1991} 0.0824722
prior->YCS->process[Recruitment].ycs_values{1992} -0.28121
prior->YCS->process[Recruitment].ycs_values{1993} -0.439418
prior->YCS->process[Recruitment].ycs_values{1994} -0.525588
prior->YCS->process[Recruitment].ycs_values{1995} -0.660691
prior->YCS->process[Recruitment].ycs_values{1996} -0.791995
prior->YCS->process[Recruitment].ycs_values{1997} -0.792809
prior->YCS->process[Recruitment].ycs_values{1998} -0.723419
prior->YCS->process[Recruitment].ycs_values{1999} -0.789452
prior->YCS->process[Recruitment].ycs_values{2000} -0.720221
prior->YCS->process[Recruitment].ycs_values{2001} -0.790499
prior->YCS->process[Recruitment].ycs_values{2002} -0.0352176
prior->YCS->process[Recruitment].ycs_values{2003} -0.613769
prior->YCS->process[Recruitment].ycs_values{2004} -0.717744
prior->YCS->process[Recruitment].ycs_values{2005} -0.637793
prior->YCS->process[Recruitment].ycs_values{2006} -0.792993
prior->YCS->process[Recruitment].ycs_values{2007} -0.77519
prior->YCS->process[Recruitment].ycs_values{2008} -0.742354
prior->YCS->process[Recruitment].ycs_values{2009} -0.77711
prior->YCS->process[Recruitment].ycs_values{2010} 2.50805
prior->YCS->process[Recruitment].ycs_values{2011} 2.50805
additional_prior->YCS_average_1 6.73724
additional_prior->smooth_YCS 0.302664
additional_prior->chatTANq -2.20451
total_score 683.638
*end

*catchability[chatTANq]
chatTANq: 0.055515
*end

*derived_quantity[SSB]
SSB {list}
type: biomass
initialisation_phase[1]: 52706.6 
values {vector}
1975 52631
1976 52355.7
1977 51646.6
1978 51280.5
1979 51611
1980 52425.6
1981 54160.6
1982 56811.1
1983 60212.3
1984 63913.9
1985 67394.9
1986 70511.7
1987 73068.3
1988 74647.5
1989 74724.6
1990 73059.2
1991 70082.4
1992 66078.8
1993 61164.6
1994 56036.9
1995 51575.1
1996 48353.8
1997 46391.4
1998 45393.6
1999 43647.6
2000 40998.6
2001 38420.2
2002 35957.9
2003 33811.3
2004 31058
2005 27478.1
2006 25398.1
2007 25460
2008 26049
2009 26524.5
2010 26787.6
2011 26829.9
2012 26199.1
{end_list}
*end

*observation[chatTANbiomass]
observation_type: biomass
likelihood: lognormal
Values {dataframe}
year category age length observed expected residual error_value process_error adjusted_error neglogLike pearsons_residuals normalised_residuals
1992 HAK4 0 0 4180 3488.01 691.993 0.15 0.2 0.25 -1.03332 0.793568 0.858145
1993 HAK4 0 0 2950 3212.14 -262.145 0.17 0.2 0.262488 -1.33415 -0.310911 -0.200748
1994 HAK4 0 0 3353 2962.23 390.771 0.1 0.2 0.223607 -1.2847 0.589955 0.671429
1995 HAK4 0 0 3303 2767.99 535.011 0.23 0.2 0.304795 -0.935274 0.634147 0.74191
1996 HAK4 0 0 2457 2615.71 -158.711 0.13 0.2 0.238537 -1.43611 -0.254367 -0.148461
1997 HAK4 0 0 2811 2517.38 293.616 0.17 0.2 0.262488 -1.19948 0.444346 0.556449
1998 HAK4 0 0 2873 2451.77 421.232 0.18 0.2 0.269072 -1.06253 0.638517 0.731877
1999 HAK4 0 0 2302 2269.1 32.8963 0.12 0.2 0.233238 -1.45322 0.0621574 0.177616
2000 HAK4 0 0 2091 2116.97 -25.9698 0.09 0.2 0.219317 -1.52771 -0.0559347 0.051425
2001 HAK4 0 0 1589 1954.55 -365.546 0.13 0.2 0.238537 -1.1564 -0.784043 -0.762537
2002 HAK4 0 0 1567 1838.5 -271.504 0.15 0.2 0.25 -1.26326 -0.590707 -0.525858
2003 HAK4 0 0 888 1733.94 -845.945 0.16 0.2 0.256125 1.81921 -1.90482 -2.52874
2004 HAK4 0 0 1547 1578.17 -31.1719 0.17 0.2 0.262488 -1.35296 -0.0752488 0.0517784
2005 HAK4 0 0 1048 1408.26 -360.261 0.18 0.2 0.269072 -0.844851 -0.950747 -0.985393
2006 HAK4 0 0 1384 1434.86 -50.8568 0.19 0.2 0.275862 -1.3063 -0.128484 0.00215837
2007 HAK4 0 0 1824 1458.13 365.866 0.12 0.2 0.233238 -0.877358 1.07579 1.08779
2008 HAK4 0 0 1257 1478.5 -221.502 0.13 0.2 0.238537 -1.28336 -0.628057 -0.572303
2009 HAK4 0 0 2419 1457.73 961.272 0.21 0.2 0.29 0.593474 2.2739 1.92441
2010 HAK4 0 0 1700 1481.82 218.184 0.25 0.2 0.320156 -0.985984 0.459904 0.595913
2011 HAK4 0 0 1099 1471.5 -372.497 0.15 0.2 0.25 -0.837256 -1.01257 -1.06233
2012 HAK4 0 0 1292 1499.07 -207.07 0.15 0.2 0.25 -1.28602 -0.552529 -0.480631
*end

*observation[chatTANage]
observation_type: proportions_at_age
likelihood: multinomial
Values {dataframe}
year category age length observed expected residual error_value process_error adjusted_error neglogLike pearsons_residuals
1990 HAK4 3 0 0.1235 0.052247 0.071253 25 0 25 11.0163 1.60101
1990 HAK4 4 0 0.1068 0.0730236 0.0337764 25 0 25 8.38051 0.649108
1990 HAK4 5 0 0.0935 0.0688169 0.0246831 25 0 25 7.28202 0.487533
1990 HAK4 6 0 0.0939 0.0764583 0.0174417 25 0 25 7.0721 0.328185
1990 HAK4 7 0 0.1065 0.122948 -0.0164482 25 0 25 6.9651 -0.250447
1990 HAK4 8 0 0.0845 0.122708 -0.0382084 25 0 25 5.23133 -0.582264
1990 HAK4 9 0 0.0544 0.106975 -0.0525747 25 0 25 3.23098 -0.8505
1990 HAK4 10 0 0.1283 0.0895454 0.0387546 25 0 25 9.79813 0.678645
1990 HAK4 11 0 0.0489 0.0727539 -0.0238539 25 0 25 3.31311 -0.459203
1990 HAK4 12 0 0.043 0.0578817 -0.0148817 25 0 25 3.09655 -0.318639
1990 HAK4 13 0 0.0162 0.0451267 -0.0289267 25 0 25 1.1349 -0.696753
1990 HAK4 14 0 0.0401 0.0340288 0.00607118 25 0 25 3.39006 0.167432
1990 HAK4 15 0 0.0162 0.0241157 -0.00791574 25 0 25 1.38867 -0.257995
1990 HAK4 16 0 0.0274 0.0158877 0.0115123 25 0 25 2.73857 0.460339
1990 HAK4 17 0 0.0035 0.010345 -0.00684499 25 0 25 0.355522 -0.338249
1990 HAK4 18 0 0.0025 0.00717938 -0.00467938 25 0 25 0.275577 -0.277127
1990 HAK4 19 0 0.0107 0.0199585 -0.00925848 25 0 25 0.944952 -0.330997
1992 HAK4 3 0 0.024 0.069994 -0.045994 37 0 37 2.31829 -1.09655
1992 HAK4 4 0 0.0471 0.0842905 -0.0371905 37 0 37 4.77979 -0.814262
1992 HAK4 5 0 0.0446 0.0691449 -0.0245449 37 0 37 4.80429 -0.588493
1992 HAK4 6 0 0.0708 0.0815971 -0.0107971 37 0 37 7.89986 -0.239913
1992 HAK4 7 0 0.0778 0.0739476 0.00385237 37 0 37 9.1384 0.0895465
1992 HAK4 8 0 0.1039 0.0770581 0.0268419 37 0 37 12.8 0.612235
1992 HAK4 9 0 0.0671 0.101008 -0.0339079 37 0 37 6.87367 -0.684456
1992 HAK4 10 0 0.1212 0.0975534 0.0236466 37 0 37 14.3695 0.484773
1992 HAK4 11 0 0.087 0.0806485 0.00635149 37 0 37 10.1779 0.141885
1992 HAK4 12 0 0.1111 0.0653826 0.0457174 37 0 37 14.5581 1.12495
1992 HAK4 13 0 0.0791 0.0521594 0.0269406 37 0 37 10.3443 0.73701
1992 HAK4 14 0 0.0438 0.0408761 0.00292393 37 0 37 5.55438 0.0898247
