Casal2
Call: casal2 -E MPD.dat 
Version: v21.08 (2021-08-20)
Copyright (c) 2017-2021, NIWA (www.niwa.co.nz)
Date: Wed Aug 25 19:42:34 2021

Environment: machine:HP1040, user:alist, os:Windows_NT, pid:5396


*initialisation_partition[Init]
values {dataframe}
category 1 2 3 4 5 6 7 8 9 10 11 12 13 14 15 16 17 18 19 20 21 22 23 24 25 26 27 28 29 30
HAK4 0.000000 4289982.895190 3512340.926471 2875661.531796 2354392.531525 1927613.570376 1578196.510118 1292118.017234 1057896.757315 866132.608796 709129.403065 580586.050201 475343.654107 389178.467898 318632.380104 260874.128518 213585.671700 174869.157837 143170.757286 117218.301932 95970.228615 78573.777547 64330.768063 52669.578183 43122.203410 35305.474072 28905.677375 23665.967005 19376.054989 87514.966614
*end

*partition[Sep_Feb]
year: 1975
time_step: Sep_Feb
values {dataframe_with_row_labels}
category 1 2 3 4 5 6 7 8 9 10 11 12 13 14 15 16 17 18 19 20 21 22 23 24 25 26 27 28 29 30
HAK4 4816790.762588 3942845.973165 3227029.909092 2640801.178393 2160865.617175 1768135.287884 1446863.286201 1183934.864462 968831.881623 792958.464779 649208.427817 531623.293005 435373.394297 356574.586541 292052.073370 239211.252098 195931.634361 160479.865406 131438.550374 107648.136990 88159.543620 72195.590650 59119.611083 48409.893544 39638.851944 32456.022740 26574.164361 21757.876145 17814.269295 80462.153613
*end

*partition[Sep_Feb]
year: 1976
time_step: Sep_Feb
values {dataframe_with_row_labels}
category 1 2 3 4 5 6 7 8 9 10 11 12 13 14 15 16 17 18 19 20 21 22 23 24 25 26 27 28 29 30
HAK4 8189919.050824 3940648.016717 3223377.465833 2635423.691216 2153784.939571 1759698.844849 1437625.128867 1174375.943309 959404.967661 784243.884994 641760.417704 525631.965784 430713.354515 353040.962228 289440.541869 237330.597693 194612.253431 159578.292446 130838.571809 107259.341236 87914.233113 72044.899469 59029.492570 48357.427248 39609.116110 32439.616351 26565.352145 21753.268185 17811.923436 80456.750184
*end

*partition[Sep_Feb]
year: 1977
time_step: Sep_Feb
values {dataframe_with_row_labels}
category 1 2 3 4 5 6 7 8 9 10 11 12 13 14 15 16 17 18 19 20 21 22 23 24 25 26 27 28 29 30
HAK4 8380610.508305 6700615.843785 3221260.857899 2630676.402590 2144994.634881 1745797.865896 1418502.604093 1151300.669113 934474.661181 759908.044932 620296.478947 507945.848706 416689.754769 342248.175842 281355.770125 231436.373102 190430.363751 156691.142549 128899.088253 105991.689583 87108.117663 71546.159500 58729.275207 48181.596497 39508.915618 32384.053599 26535.370027 21737.523525 17803.876583 80438.917552
*end

*partition[Sep_Feb]
year: 1978
time_step: Sep_Feb
values {dataframe_with_row_labels}
category 1 2 3 4 5 6 7 8 9 10 11 12 13 14 15 16 17 18 19 20 21 22 23 24 25 26 27 28 29 30
HAK4 8526431.234832 6860625.616184 5484767.211563 2636401.188545 2152750.323471 1755127.510812 1428430.402024 1160608.918897 941977.263735 764580.539883 621771.825145 507563.598856 415655.023109 341000.445180 280098.337193 230277.790133 189431.956651 155876.635726 128265.468895 105519.484103 86769.908743 71312.822637 58573.940298 48081.684345 39446.758503 32346.619947 26513.530422 21725.172515 17797.102336 80434.187083
*end

*partition[Sep_Feb]
year: 1979
time_step: Sep_Feb
values {dataframe_with_row_labels}
category 1 2 3 4 5 6 7 8 9 10 11 12 13 14 15 16 17 18 19 20 21 22 23 24 25 26 27 28 29 30
HAK4 8611082.311372 6976773.849196 5610334.709772 4480801.385093 2150712.470069 1752790.936354 1425694.027272 1157174.183192 937759.385635 759713.932402 616343.055443 501419.647525 409634.814010 335827.008430 275879.438910 226945.986579 186868.838660 153956.904772 126866.194177 104527.274849 86085.639098 70853.943729 58274.733477 47892.000623 39329.841685 32276.550290 26472.696963 21702.032268 17784.349098 80417.648487
*end

*partition[Sep_Feb]
year: 1980
time_step: Sep_Feb
values {dataframe_with_row_labels}
category 1 2 3 4 5 6 7 8 9 10 11 12 13 14 15 16 17 18 19 20 21 22 23 24 25 26 27 28 29 30
HAK4 8625543.355897 7036482.433741 5691477.300944 4566483.140211 3638117.762635 1742520.380926 1418115.499749 1151996.672005 934025.464296 756528.118982 613075.491133 497795.926720 405416.324707 331624.488276 272247.088228 223965.790465 184496.285335 152113.821214 125471.053685 103499.322045 85348.961579 70340.724653 57927.272562 47663.435810 39183.763701 32185.843654 26417.969822 21669.945874 17766.066138 80395.405508
*end

*partition[Sep_Feb]
year: 1981
time_step: Sep_Feb
values {dataframe_with_row_labels}
category 1 2 3 4 5 6 7 8 9 10 11 12 13 14 15 16 17 18 19 20 21 22 23 24 25 26 27 28 29 30
HAK4 8551857.212802 7038621.820046 5726001.929889 4614947.858568 3689412.289194 2931971.531662 1403296.684058 1141894.426246 927789.117110 752682.357890 610267.441890 495197.394420 402669.679528 328446.109202 269077.032658 221225.802334 182243.015718 150311.650966 124062.313295 102425.541328 84552.191784 69765.824932 57524.206544 47388.963866 39002.268488 32069.309632 26345.312224 21625.951272 17740.191526 80363.245921
*end

*partition[Sep_Feb]
year: 1982
time_step: Sep_Feb
values {dataframe_with_row_labels}
category 1 2 3 4 5 6 7 8 9 10 11 12 13 14 15 16 17 18 19 20 21 22 23 24 25 26 27 28 29 30
HAK4 8387898.312597 6991978.684420 5747894.195823 4668492.531475 3756033.608278 2998214.736406 2380294.850918 1138223.169971 925499.162858 751692.831980 609952.497191 494838.697624 401842.732428 327052.031535 267027.682471 218980.296043 180215.449142 148596.789943 122663.443980 101316.460163 83698.218658 69127.570199 57061.312951 47063.241114 38779.889180 31921.989673 26250.596885 21566.841520 17704.375634 80316.331457
*end

*partition[Sep_Feb]
year: 1983
time_step: Sep_Feb
values {dataframe_with_row_labels}
category 1 2 3 4 5 6 7 8 9 10 11 12 13 14 15 16 17 18 19 20 21 22 23 24 25 26 27 28 29 30
HAK4 8196446.774996 6863801.502636 5718840.749775 4698219.665749 3813024.972152 3065470.823366 2445414.833684 1940148.233047 927199.623033 753639.658870 612110.765225 496812.256611 403193.083700 327563.566562 266729.892312 217891.028940 178779.266838 147205.310237 121434.551241 100282.659685 82859.462005 68470.389719 56563.572945 46698.554988 38521.240043 31744.316523 26132.327103 21490.515534 17656.599864 80250.289624
*end

*partition[Sep_Feb]
year: 1984
time_step: Sep_Feb
values {dataframe_with_row_labels}
category 1 2 3 4 5 6 7 8 9 10 11 12 13 14 15 16 17 18 19 20 21 22 23 24 25 26 27 28 29 30
HAK4 8082224.520041 6705983.091019 5612278.041917 4672294.266615 3835032.732688 3110077.431181 2499053.658680 1992635.704361 1580302.689596 755083.569326 613806.093028 498687.279918 404911.343099 328759.919809 267225.106852 217708.653294 177935.125960 146064.620921 120319.913247 99293.057948 82023.753399 67790.350146 56029.541975 46293.381227 38223.977036 31533.268439 25987.237071 21393.875887 17594.203623 80157.348614
*end

*partition[Sep_Feb]
year: 1985
time_step: Sep_Feb
values {dataframe_with_row_labels}
category 1 2 3 4 5 6 7 8 9 10 11 12 13 14 15 16 17 18 19 20 21 22 23 24 25 26 27 28 29 30
HAK4 3390294.916620 6612275.784263 5482668.739005 4584109.931491 3811911.101416 3125034.031367 2531399.027316 2031586.243281 1618073.605427 1282318.689586 612662.864992 498213.195748 404997.109963 329071.115617 267400.324335 217540.073840 177386.851105 145103.326190 119207.106757 98264.666790 81140.441689 67061.194361 55445.885141 45840.501873 37883.388905 31285.015079 25811.838997 21273.732288 17514.398602 80028.304862
*end

*partition[Sep_Feb]
year: 1986
time_step: Sep_Feb
values {dataframe_with_row_labels}
category 1 2 3 4 5 6 7 8 9 10 11 12 13 14 15 16 17 18 19 20 21 22 23 24 25 26 27 28 29 30
HAK4 3804644.367319 2773506.874454 5405640.472932 4478175.970711 3740762.501859 3108397.371767 2547420.664557 2063024.666024 1655436.289016 1318479.568078 1045094.738489 499486.183312 406337.093786 330453.619836 268623.662069 218379.506413 177736.369507 144987.617834 118642.515005 97498.346102 80390.113002 66394.430354 54882.688419 45382.305860 37523.720892 31012.272413 25611.844579 21131.816574 17416.882667 79859.615764
*end

*partition[Sep_Feb]
year: 1987
time_step: Sep_Feb
values {dataframe_with_row_labels}
category 1 2 3 4 5 6 7 8 9 10 11 12 13 14 15 16 17 18 19 20 21 22 23 24 25 26 27 28 29 30
HAK4 4141944.279485 3111557.386604 2266149.321838 4411393.380460 3649840.366788 3045796.267003 2529681.707398 2072427.503805 1677958.498913 1346413.917041 1072636.530983 850609.369057 406753.945525 331096.381116 269433.010472 219157.761932 178273.011847 145174.758593 118484.234016 96996.293191 79738.219689 65765.312132 54328.028245 44916.131715 37145.718589 30716.222190 25387.692268 20967.629319 17300.463992 79641.026548
*end

*partition[Sep_Feb]
year: 1988
time_step: Sep_Feb
values {dataframe_with_row_labels}
category 1 2 3 4 5 6 7 8 9 10 11 12 13 14 15 16 17 18 19 20 21 22 23 24 25 26 27 28 29 30
HAK4 3045936.653078 3387305.747161 2542189.990483 1849101.521541 3594583.222652 2970651.996666 2477341.178905 2056385.750130 1683928.534073 1363167.265695 1094058.477589 872009.304399 691921.501256 331095.771137 269707.291511 219639.716683 178784.492728 145529.424341 118582.123858 96831.585521 79305.524348 65218.505356 53805.186021 44457.512214 36761.501427 30405.337242 25144.554174 20783.715915 17165.839234 79366.185771
*end

*partition[Sep_Feb]
year: 1989
time_step: Sep_Feb
values {dataframe_with_row_labels}
category 1 2 3 4 5 6 7 8 9 10 11 12 13 14 15 16 17 18 19 20 21 22 23 24 25 26 27 28 29 30
HAK4 4189372.745478 2490722.719367 2766853.538389 2073421.721835 1505528.327260 2921866.006396 2411463.662355 2008296.731399 1665029.929758 1362478.527727 1103012.143728 885762.858130 706548.381684 561175.120883 268823.753929 219232.001779 178738.696361 145650.168686 118676.617154 96786.564970 79092.802668 64817.057781 53329.538596 44013.243260 36376.860366 30085.728052 24887.323712 20583.244258 17014.550415 79028.956978
*end

*partition[Sep_Feb]
year: 1990
time_step: Sep_Feb
values {dataframe_with_row_labels}
category 1 2 3 4 5 6 7 8 9 10 11 12 13 14 15 16 17 18 19 20 21 22 23 24 25 26 27 28 29 30
HAK4 3536550.508978 3426085.670059 2034795.484385 2256943.750946 1688067.548926 1223128.553271 2368732.543125 1950392.563286 1620762.854494 1341791.774390 1097737.798674 889209.674286 714741.493375 570829.515514 454031.560047 217835.947003 177931.463633 145288.931977 118560.721910 96725.840824 78969.792354 64590.656066 52970.067249 43606.071681 36003.120757 29765.313275 24622.708506 20371.110654 16849.643028 78626.821736
*end

*partition[Sep_Feb]
year: 1991
time_step: Sep_Feb
values {dataframe_with_row_labels}
category 1 2 3 4 5 6 7 8 9 10 11 12 13 14 15 16 17 18 19 20 21 22 23 24 25 26 27 28 29 30
HAK4 5350115.091224 2891049.280669 2796964.564023 1658055.065823 1835114.024617 1369736.219286 990802.231999 1915541.746064 1574837.370139 1307491.135828 1082513.277594 886243.320600 718601.253072 578307.601737 462495.336228 368391.231552 177000.380865 144773.826832 118361.956409 96693.664955 78959.679287 64514.416194 52799.490739 43320.519666 35674.782413 29462.100034 24361.861621 20155.232002 16676.348803 78163.601316
*end

*partition[Sep_Feb]
year: 1992
time_step: Sep_Feb
values {dataframe_with_row_labels}
category 1 2 3 4 5 6 7 8 9 10 11 12 13 14 15 16 17 18 19 20 21 22 23 24 25 26 27 28 29 30
HAK4 7932866.443133 4367336.569909 2353746.907320 2268719.027591 1339020.167911 1475534.896119 1097127.834909 790449.258891 1522643.792743 1248995.785726 1036931.184176 859733.431842 705313.197161 573372.546861 462784.649417 371257.075714 296638.926290 142950.613896 117243.193711 96085.017389 78655.864243 64338.233875 52638.189302 43124.116394 35409.239631 29175.906215 24104.318584 19936.819917 16497.136866 77635.500883
*end

*partition[Sep_Feb]
year: 1993
time_step: Sep_Feb
values {dataframe_with_row_labels}
category 1 2 3 4 5 6 7 8 9 10 11 12 13 14 15 16 17 18 19 20 21 22 23 24 25 26 27 28 29 30
HAK4 6003019.934618 6474201.479793 3553548.960115 1906531.132621 1826800.771230 1070756.081481 1171149.927569 863549.358353 617232.651620 1182568.639619 969028.992759 805959.614433 670274.574772 552128.106886 451007.294497 365929.512000 295129.851803 237036.337006 114776.965321 94537.977402 77760.057725 63846.539758 52349.896097 42909.131611 35202.021705 28933.220671 23856.558978 19718.976915 16314.780648 77046.420149
*end

*partition[Sep_Feb]
year: 1994
time_step: Sep_Feb
values {dataframe_with_row_labels}
category 1 2 3 4 5 6 7 8 9 10 11 12 13 14 15 16 17 18 19 20 21 22 23 24 25 26 27 28 29 30
HAK4 5148902.348613 4902977.040798 5274038.695349 2882061.436618 1535864.228562 1457858.682364 844352.247942 910608.792845 662264.318696 468735.358108 895591.360518 735256.774878 613904.028437 513400.581121 425799.259184 350462.995727 286594.883602 232929.308970 188425.723295 91825.045734 76050.168268 62838.463255 51782.601547 42577.517886 34972.303726 28734.289635 23642.374274 19508.129110 16132.390712 76403.412031
*end

*partition[Sep_Feb]
year: 1995
time_step: Sep_Feb
values {dataframe_with_row_labels}
category 1 2 3 4 5 6 7 8 9 10 11 12 13 14 15 16 17 18 19 20 21 22 23 24 25 26 27 28 29 30
HAK4 4657231.913157 4200320.887353 3984978.132764 4261189.662342 2308675.675431 1216498.233064 1139030.656700 649268.691462 689443.441717 495954.794737 350038.187673 670494.285036 553121.176771 464955.872300 392020.864916 328065.649148 272530.419551 224880.965513 184306.423056 150206.704189 73667.853759 61334.080599 50891.945798 42073.844719 34678.256435 28533.776447 23472.893853 19329.386113 15958.067160 75722.750001
*end

*partition[Sep_Feb]
year: 1996
time_step: Sep_Feb
values {dataframe_with_row_labels}
category 1 2 3 4 5 6 7 8 9 10 11 12 13 14 15 16 17 18 19 20 21 22 23 24 25 26 27 28 29 30
HAK4 3824243.940951 3786036.176146 3392231.118304 3187558.289196 3367338.057171 1799998.224474 935631.655853 862975.784485 484961.425952 510109.862925 366450.846430 259664.022528 500512.565325 416263.454876 353220.869089 300832.099890 254329.168691 213349.760444 177633.436948 146740.164389 120398.166023 59375.571539 49651.996232 41337.887566 34261.148319 28290.078092 23307.044277 19189.727955 15811.274730 75021.386654
*end

*partition[Sep_Feb]
year: 1997
time_step: Sep_Feb
values {dataframe_with_row_labels}
category 1 2 3 4 5 6 7 8 9 10 11 12 13 14 15 16 17 18 19 20 21 22 23 24 25 26 27 28 29 30
HAK4 2511600.127190 3107319.290843 3055248.643816 2710937.979925 2517624.320216 2627699.627421 1389230.484746 713713.961521 651200.405317 363440.628152 382151.135067 275607.246088 196425.977295 381374.751711 319804.756486 273749.295873 235192.397568 200499.158183 169478.776447 142054.786825 118017.539360 97283.373199 48153.632280 40382.050651 33691.120824 27965.953617 23116.610914 19058.608917 15699.282998 74333.666982
*end

*partition[Sep_Feb]
year: 1998
time_step: Sep_Feb
values {dataframe_with_row_labels}
category 1 2 3 4 5 6 7 8 9 10 11 12 13 14 15 16 17 18 19 20 21 22 23 24 25 26 27 28 29 30
HAK4 2370115.093772 2041394.976561 2509449.851569 2445731.360101 2148341.559265 1976476.272620 2047916.112050 1074944.335203 548744.205507 498858.048563 278593.654464 293945.678986 212987.551217 152652.399997 298235.195499 251711.269302 216844.427248 187431.907783 160663.037296 136459.405280 114843.110998 95726.916553 79115.895893 39239.727600 32955.894279 27524.989240 22864.832428 18909.691834 15595.448390 73688.880429
*end

*partition[Sep_Feb]
year: 1999
time_step: Sep_Feb
values {dataframe_with_row_labels}
category 1 2 3 4 5 6 7 8 9 10 11 12 13 14 15 16 17 18 19 20 21 22 23 24 25 26 27 28 29 30
HAK4 1728556.552449 1926651.015056 1647932.472100 2004170.723007 1924859.166167 1660535.430488 1496513.335582 1514184.247551 776636.963280 390120.725982 353387.328742 198281.893356 210939.281331 154554.040049 112241.942281 222446.019545 190496.026854 166425.673875 145720.551429 126341.570115 108354.997011 91920.685239 77106.836242 64037.922408 31876.775572 26842.214671 22459.914751 18680.528523 15461.847749 73043.169684
*end

*partition[Sep_Feb]
year: 2000
time_step: Sep_Feb
values {dataframe_with_row_labels}
category 1 2 3 4 5 6 7 8 9 10 11 12 13 14 15 16 17 18 19 20 21 22 23 24 25 26 27 28 29 30
HAK4 2593559.525163 1405048.599513 1555638.452885 1317647.538661 1582758.034412 1499349.603350 1275521.504355 1131925.029036 1128669.654862 573285.044052 287563.918978 261543.645481 147693.297209 158432.792398 117206.252600 86002.222819 172228.223793 148973.056024 131349.629884 115943.560477 101219.126358 87301.265245 74393.382895 62619.899130 52140.179954 26002.500281 21924.156363 18360.966862 15280.196728 72421.765920
*end

*partition[Sep_Feb]
year: 2001
time_step: Sep_Feb
values {dataframe_with_row_labels}
category 1 2 3 4 5 6 7 8 9 10 11 12 13 14 15 16 17 18 19 20 21 22 23 24 25 26 27 28 29 30
HAK4 1708840.509691 2106444.823009 1132907.093349 1241458.404607 1038494.554030 1231483.323144 1152885.761264 968521.540347 849525.248503 840809.834437 426893.190188 215029.134033 196783.753547 111988.087683 121194.432395 90498.162736 67027.333348 135428.995127 118099.304800 104875.462569 93137.556830 81714.322398 70756.495260 60477.381514 51020.866809 42551.285311 21244.593879 17926.319830 15020.507195 71769.464752
*end

*partition[Sep_Feb]
year: 2002
time_step: Sep_Feb
values {dataframe_with_row_labels}
category 1 2 3 4 5 6 7 8 9 10 11 12 13 14 15 16 17 18 19 20 21 22 23 24 25 26 27 28 29 30
HAK4 2555212.677848 1394142.090393 1712862.273157 916753.977299 998335.898863 829223.586330 976094.146758 906348.677121 755539.567631 659277.214855 651939.623501 331644.750703 167582.490571 154004.820335 88072.925694 95819.409418 71936.814034 53558.187265 108736.749913 95228.494813 84874.643468 75602.275470 66488.774562 57679.017135 49367.638828 41689.751861 34793.402906 17379.543536 14669.546158 71036.546455
*end

*partition[Sep_Feb]
year: 2003
time_step: Sep_Feb
values {dataframe_with_row_labels}
category 1 2 3 4 5 6 7 8 9 10 11 12 13 14 15 16 17 18 19 20 21 22 23 24 25 26 27 28 29 30
HAK4 7161528.729453 2083745.434340 1132869.628159 1384905.357291 736811.637519 797551.706178 658891.684502 771222.677502 712416.038309 591948.698425 516472.693012 511719.943578 261057.363874 132385.609497 122154.265601 70159.498717 76660.874239 57791.846550 43190.404101 87981.096174 77270.583909 69030.150307 61602.835727 54254.161590 47115.472589 40357.187609 34098.943667 28468.651001 14223.706838 70154.091537
*end

*partition[Sep_Feb]
year: 2004
time_step: Sep_Feb
values {dataframe_with_row_labels}
category 1 2 3 4 5 6 7 8 9 10 11 12 13 14 15 16 17 18 19 20 21 22 23 24 25 26 27 28 29 30
HAK4 4063376.753517 5826317.576953 1685047.318495 907811.500397 1096471.233553 575083.475621 612842.348718 497409.390304 572388.673149 522607.641325 433233.694240 379449.046937 378405.602454 194723.663213 99757.537188 93068.202321 54055.938386 59706.352899 45460.523531 34274.996398 70345.415227 62163.894234 55807.337302 49990.863740 44151.260039 38419.762057 32955.575393 27871.982094 23284.656521 69041.089026
*end

*partition[Sep_Feb]
year: 2005
time_step: Sep_Feb
values {dataframe_with_row_labels}
category 1 2 3 4 5 6 7 8 9 10 11 12 13 14 15 16 17 18 19 20 21 22 23 24 25 26 27 28 29 30
HAK4 3330346.054371 3253528.733302 4575134.962967 1288562.056772 674083.759316 793889.592948 409881.918729 430836.141533 345800.152822 396031.283937 363286.293460 304443.462346 270276.464638 273698.399312 143150.990305 74544.449294 70645.042868 41630.002662 46577.097719 35858.558420 27285.955698 56419.692584 50149.554781 45221.867425 40641.829480 35979.034388 31359.975513 26929.907281 22792.592624 75535.994426
*end

*partition[Sep_Feb]
year: 2006
time_step: Sep_Feb
values {dataframe_with_row_labels}
category 1 2 3 4 5 6 7 8 9 10 11 12 13 14 15 16 17 18 19 20 21 22 23 24 25 26 27 28 29 30
HAK4 1440522.833970 2721848.541987 2654836.593904 3724824.734505 1046215.113863 545758.787445 641073.268523 330062.320580 346045.638456 277289.572875 317529.024319 291527.326982 244625.989874 217531.649511 220704.670609 115668.654280 60356.948532 57312.618086 33834.825013 37916.503374 29231.042957 22267.990564 46085.341753 40992.053328 36983.257729 33250.015153 29442.965828 25667.577058 22044.226981 80495.643472
*end

*partition[Sep_Feb]
year: 2007
time_step: Sep_Feb
values {dataframe_with_row_labels}
category 1 2 3 4 5 6 7 8 9 10 11 12 13 14 15 16 17 18 19 20 21 22 23 24 25 26 27 28 29 30
HAK4 2355230.395478 1176302.693784 2216988.760332 2154080.667735 3006598.527188 839204.373615 434718.575790 506609.005285 258863.980863 269991.474609 216104.995710 247850.242334 228172.160222 192167.928281 171632.787960 174971.365631 92151.312607 48315.260015 46081.848291 27312.113419 30710.434594 23741.776687 18126.596856 37578.859324 33468.570173 30223.536728 27190.310820 24087.717714 21005.130007 83929.396293
*end

*partition[Sep_Feb]
year: 2008
time_step: Sep_Feb
values {dataframe_with_row_labels}
category 1 2 3 4 5 6 7 8 9 10 11 12 13 14 15 16 17 18 19 20 21 22 23 24 25 26 27 28 29 30
HAK4 1991050.325927 1923307.537259 958076.793920 1798198.083299 1736829.006361 2405638.755068 665324.870224 341006.095013 393339.705262 199544.531911 207745.954762 166569.090623 191658.293949 177240.948067 150091.092123 134862.805329 138343.368157 73303.912331 38651.067669 37050.466604 22054.369813 24887.201588 19294.851115 14763.869376 30657.829971 27337.035107 24707.085919 22240.081993 19709.696968 85882.822756
*end

*partition[Sep_Feb]
year: 2009
time_step: Sep_Feb
values {dataframe_with_row_labels}
category 1 2 3 4 5 6 7 8 9 10 11 12 13 14 15 16 17 18 19 20 21 22 23 24 25 26 27 28 29 30
HAK4 1771245.507536 1616035.973047 1549120.209594 763533.935911 1415643.369337 1351600.345912 1854934.322855 508320.826788 258404.915673 296637.270080 150582.360963 157430.197560 126954.766105 147095.229216 137082.485755 117019.536522 105984.343451 109538.071011 58437.384233 30996.395203 29862.577202 17848.916158 20207.081915 15705.422344 12039.578364 25034.055123 22343.233652 20206.499101 18196.475230 86417.207691
*end

*partition[Sep_Feb]
year: 2010
time_step: Sep_Feb
values {dataframe_with_row_labels}
category 1 2 3 4 5 6 7 8 9 10 11 12 13 14 15 16 17 18 19 20 21 22 23 24 25 26 27 28 29 30
HAK4 2014672.960802 1447355.182068 1318294.941069 1260808.705038 619835.449247 1146562.861306 1092853.855592 1497426.125175 409781.213731 208155.606051 239006.386518 121431.799476 127099.991511 102636.197180 119098.081244 111164.951915 95042.068486 86205.388207 89214.439386 47650.401059 25299.660873 24393.862440 14589.553833 16525.176139 12848.427546 9852.024578 20489.204364 18289.172721 16541.498278 85643.651134
*end

*partition[Sep_Feb]
year: 2011
time_step: Sep_Feb
values {dataframe_with_row_labels}
category 1 2 3 4 5 6 7 8 9 10 11 12 13 14 15 16 17 18 19 20 21 22 23 24 25 26 27 28 29 30
HAK4 14029996.557380 1638353.467908 1170319.694927 1058107.903065 1004362.842821 491103.733000 906822.089035 863800.916399 1183640.291503 324224.089079 165029.041581 190007.140622 96834.775562 101686.755931 82386.169528 95906.769421 89786.490771 76971.634152 69979.839527 72567.308416 38822.707845 20639.733387 19921.081211 11923.646539 13513.235358 10510.888416 8061.906183 16769.523107 14970.793204 83651.563976
*end

*partition[Sep_Feb]
year: 2012
time_step: Sep_Feb
values {dataframe_with_row_labels}
category 1 2 3 4 5 6 7 8 9 10 11 12 13 14 15 16 17 18 19 20 21 22 23 24 25 26 27 28 29 30
HAK4 14032025.953884 11410766.838920 1325045.868538 939629.156967 843185.854058 795980.654173 388423.683580 716539.843588 682355.071175 935670.636798 256788.927071 131059.241407 151363.178576 77396.490731 81549.519528 66289.304096 77407.654201 72671.835526 62453.545029 56899.780986 59105.892554 31664.920008 16852.569559 16279.101162 9749.635706 11054.171643 8600.765151 6598.180689 13726.691894 80734.351432
*end

*mpd[mpd]
estimate_values:
process[Recruitment].b0 selectivity[chatTANSel].mu selectivity[chatTANSel].sigma_l selectivity[chatTANSel].sigma_r selectivity[eastFSel].mu selectivity[eastFSel].sigma_l selectivity[eastFSel].sigma_r selectivity[westFSel].mu selectivity[westFSel].sigma_l selectivity[westFSel].sigma_r process[Recruitment].ycs_values{1975} process[Recruitment].ycs_values{1976} process[Recruitment].ycs_values{1977} process[Recruitment].ycs_values{1978} process[Recruitment].ycs_values{1979} process[Recruitment].ycs_values{1980} process[Recruitment].ycs_values{1981} process[Recruitment].ycs_values{1982} process[Recruitment].ycs_values{1983} process[Recruitment].ycs_values{1984} process[Recruitment].ycs_values{1985} process[Recruitment].ycs_values{1986} process[Recruitment].ycs_values{1987} process[Recruitment].ycs_values{1988} process[Recruitment].ycs_values{1989} process[Recruitment].ycs_values{1990} process[Recruitment].ycs_values{1991} process[Recruitment].ycs_values{1992} process[Recruitment].ycs_values{1993} process[Recruitment].ycs_values{1994} process[Recruitment].ycs_values{1995} process[Recruitment].ycs_values{1996} process[Recruitment].ycs_values{1997} process[Recruitment].ycs_values{1998} process[Recruitment].ycs_values{1999} process[Recruitment].ycs_values{2000} process[Recruitment].ycs_values{2001} process[Recruitment].ycs_values{2002} process[Recruitment].ycs_values{2003} process[Recruitment].ycs_values{2004} process[Recruitment].ycs_values{2005} process[Recruitment].ycs_values{2006} process[Recruitment].ycs_values{2007} process[Recruitment].ycs_values{2008} process[Recruitment].ycs_values{2009} process[Recruitment].ycs_values{2010} process[Recruitment].ycs_values{2011} 
52706.6 9.60609 5.44353 11.6161 10.9063 3.51779 7.05112 6.57337 3.05854 8.04369 1.02705 1.05105 1.06951 1.08056 1.08288 1.07386 1.05136 1.02566 1.00997 0.423066 0.474225 0.51584 0.37907 0.521172 0.439925 0.665949 0.988931 0.749362 0.643634 0.583776 0.481237 0.316734 0.299239 0.218352 0.328068 0.21671 0.324139 0.911016 0.518755 0.429983 0.185333 0.304419 0.257303 0.229267 0.25971 3 3 
covariance_matrix:
1.70817e+08 -3916.57 199.631 -9819.27 -3926.39 -1418.39 -3873.3 -2750.27 -2113.19 -5611.67 110.146 172.428 231.637 261.757 208.056 182.167 124.614 90.1303 80.602 -434.733 -272.083 -383.488 -321.285 -535.925 -389.411 -684.842 -988.928 -681.221 -585.451 -476.21 -370.082 -233.765 -212.238 -142.599 -188.698 -133.779 -124.856 -274.221 -109.282 -129.161 -52.2511 -79.5906 -79.9966 -38.5194 -92.4052 -0.127965 -5.69605e-07 
-3916.57 0.813051 0.515061 -1.00439 0.0778443 0.0179121 0.0686509 0.100125 0.0718179 0.125339 -0.00448097 -0.00741998 -0.010582 -0.0132165 -0.0148508 -0.0153329 -0.0144039 -0.0134485 -0.0124593 0.00820869 0.00573883 0.0110322 0.0113589 0.013129 0.0109256 0.0159968 0.0174441 0.0147983 0.0118376 0.0119482 0.00888022 0.00736523 0.00638668 0.00417823 0.00763677 0.00508965 0.00729065 0.0176529 0.0152431 0.0127778 0.00533173 0.0101096 0.00759475 0.00577611 0.00357911 6.79172e-06 1.50964e-10 
199.631 0.515061 0.556411 -0.756462 -0.02814 -0.0199257 -0.00929756 0.00705237 0.0144538 -0.0151884 -0.00102683 0.00189899 0.00359038 0.00407635 0.00338024 0.00357902 0.00229086 0.00356833 0.0051528 0.00122475 0.0046748 0.00487846 0.0049199 0.00219064 -6.60519e-05 -0.000112376 -0.00322671 0.00289912 0.00141668 0.00244071 0.000429686 0.00114857 1.79371e-05 0.000702648 0.00123743 0.00242621 0.000501619 0.000162887 0.00448145 -0.000846438 -0.000948683 -0.00243144 -0.0064717 -0.00610466 -0.00759782 8.17917e-06 7.16723e-11 
-9819.27 -1.00439 -0.756462 7.49263 0.343571 0.126782 0.485783 0.158213 0.116451 0.466679 -0.0159556 -0.0249134 -0.0322843 -0.0350649 -0.0254526 -0.0192305 -0.0163477 -0.0113986 -0.00763577 0.0505478 0.0293504 0.019949 0.0174381 0.049542 0.0273269 0.0573016 0.10398 0.0646905 0.0669873 0.0522322 0.04711 0.0278072 0.0264126 0.0209284 0.0253017 0.0197465 0.0217135 0.0639805 0.023923 0.0250234 0.00874571 0.0136417 0.0179692 0.00735245 0.0297171 2.29337e-05 -3.78879e-10 
-3926.39 0.0778443 -0.02814 0.343571 0.890468 0.508869 -0.74101 0.0976994 0.0744006 0.146363 -0.00339011 -0.00425719 -0.00621522 -0.00730576 -0.00694806 -0.00655263 -0.00492761 -0.0038825 -0.00300853 0.0111942 0.00810681 0.00816361 0.0092233 0.0164153 0.00870063 0.0171269 0.0180491 0.0182552 0.0180206 0.0158713 0.0126813 0.0099244 0.00813688 0.00813825 0.0104765 0.00884024 0.0076223 0.0126459 0.00100733 0.0101096 0.00555732 0.00482945 0.00591179 0.00507095 0.00652048 2.89705e-05 1.47921e-10 
-1418.39 0.0179121 -0.0199257 0.126782 0.508869 0.339631 -0.410552 0.0442145 0.0354016 0.0479992 -0.0013122 -0.00135294 -0.00230766 -0.00251922 -0.00310266 -0.0025425 -0.00160211 -0.00128138 -0.000578207 0.00369384 0.00424167 0.00344841 0.00402508 0.00718533 0.00387901 0.00656402 0.00562766 0.00866226 0.00816589 0.00747312 0.00572689 0.00428735 0.00322901 0.0039522 0.00440171 0.00323782 0.00326218 0.00210307 -0.00342065 0.00453868 0.00264404 0.00165382 0.00186118 0.00209548 0.00196795 1.71437e-05 7.37263e-11 
-3873.3 0.0686509 -0.00929756 0.485783 -0.74101 -0.410552 2.34669 0.0330731 0.0218973 0.168328 -0.00529255 -0.0106245 -0.0136993 -0.0172036 -0.0163671 -0.013767 -0.0157939 -0.0129739 -0.0132017 0.00594749 0.00230045 0.00227089 0.00173199 0.0140228 0.00406321 0.0160003 0.0311569 0.0200417 0.0115817 0.0162467 0.0128029 0.00455417 0.00806648 0.000178797 0.00714078 -0.00375478 0.00751676 0.0157768 0.0121431 0.00271976 0.00128596 0.0054158 0.0113838 -0.00111856 -0.000448194 -3.31623e-05 -1.78828e-10 
-2750.27 0.100125 0.00705237 0.158213 0.0976994 0.0442145 0.0330731 1.07165 0.987768 -0.888333 -0.0028286 -0.00363768 -0.00534341 -0.00736493 -0.00683885 -0.00861112 -0.0084943 -0.00831359 -0.00879012 -0.00286819 -0.000852123 0.00431928 0.00616107 0.0060829 -0.00417163 0.00790034 -0.00531363 0.00706306 0.0112191 0.0121245 0.0058448 0.00842521 0.00614118 0.00379628 0.00447226 0.00333428 0.00196557 0.00456795 0.0111626 0.015948 0.00248482 0.00894146 0.00345942 0.000987615 0.00816539 -5.5531e-06 7.97387e-13 
-2113.19 0.0718179 0.0144538 0.116451 0.0744006 0.0354016 0.0218973 0.987768 1.00712 -0.778538 -0.00203149 -0.00242318 -0.00304264 -0.00443045 -0.00410425 -0.00533938 -0.00541658 -0.00472518 -0.00490186 -0.00227927 6.71173e-05 0.00661235 0.00565596 0.00426117 -0.00596234 0.0104409 -0.00561437 0.00911875 0.0118423 0.0108494 0.00337455 0.0078044 0.00409955 0.00268062 0.00220041 0.00274082 4.52493e-06 0.00213337 0.0107109 0.0128948 -0.000312858 0.00455543 -0.00264413 -0.00299399 0.00556463 5.19351e-07 4.36274e-11 
-5611.67 0.125339 -0.0151884 0.466679 0.146363 0.0479992 0.168328 -0.888333 -0.778538 2.17153 -0.00541173 -0.0112783 -0.0153008 -0.0188263 -0.0177199 -0.0142346 -0.0133771 -0.0113963 -0.0114957 0.025274 0.0113852 0.0120765 0.00485774 0.0227119 0.0204506 0.0286438 0.0576711 0.0309851 0.0229886 0.0176617 0.0174779 0.00739395 0.00799754 0.00555256 0.0109401 0.00561043 0.0111838 0.0285145 0.00957127 0.00420224 0.00491234 0.00411137 0.00815952 0.00425654 0.000684138 -8.61198e-07 5.38335e-11 
110.146 -0.00448097 -0.00102683 -0.0159556 -0.00339011 -0.0013122 -0.00529255 -0.0028286 -0.00203149 -0.00541173 0.00499627 0.004484 0.00383079 0.00345245 0.00302858 0.00274332 0.0025157 0.00242552 0.00204596 -0.00027048 0.000606984 0.000588059 0.000502471 0.000277613 0.00049995 0.0005846 0.000750839 0.000695736 0.000526886 0.000423771 0.000316883 0.000217013 0.000226282 0.000109839 0.000200464 0.0001038 0.000165205 0.000623469 0.000299616 0.000169229 2.46069e-05 0.000110774 -0.000194193 -0.000140492 -0.000190592 -3.81187e-07 2.81375e-12 
172.428 -0.00741998 0.00189899 -0.0249134 -0.00425719 -0.00135294 -0.0106245 -0.00363768 -0.00242318 -0.0112783 0.004484 0.00951966 0.00832514 0.00726947 0.00626753 0.00552145 0.00505168 0.00466063 0.00423617 -0.000712928 0.00128143 0.00104851 0.00072046 0.000497478 0.000756724 0.000996992 0.00177381 0.00124329 0.000973842 0.000853242 0.000739466 0.000380971 0.000536704 0.000352766 0.000310349 6.58714e-05 0.000281595 0.00104801 0.000245399 0.00010303 -0.000199794 -7.50015e-05 -0.000362881 -0.000315006 -0.000598707 -8.6736e-07 1.20197e-11 
231.637 -0.010582 0.00359038 -0.0322843 -0.00621522 -0.00230766 -0.0136993 -0.00534341 -0.00304264 -0.0153008 0.00383079 0.00832514 0.0136357 0.0116506 0.0100474 0.00883227 0.00800616 0.00723923 0.00704347 -0.00105052 0.00204656 0.00187925 0.00104565 0.00105574 0.00121901 0.00182763 0.0029206 0.00217507 0.0017032 0.00152442 0.00126287 0.000641863 0.000897057 0.000544492 0.00075631 0.000252259 0.000561022 0.00196014 0.000581067 0.000261169 -0.000101516 -0.000157766 -0.000376561 -0.0006195 -0.00111239 -1.32796e-06 1.94501e-11 
261.757 -0.0132165 0.00407635 -0.0350649 -0.00730576 -0.00251922 -0.0172036 -0.00736493 -0.00443045 -0.0188263 0.00345245 0.00726947 0.0116506 0.0163249 0.0138133 0.0120272 0.010634 0.00983611 0.00930091 -0.00111712 0.00241642 0.00262143 0.00163319 0.00154018 0.00177319 0.00223179 0.00388037 0.00278011 0.0024972 0.00206273 0.00161841 0.000919118 0.00105665 0.000805908 0.00100049 0.000605433 0.000801698 0.00250981 0.000956042 0.000538813 -0.000162345 5.93413e-05 -0.000746975 -0.000623954 -0.00174112 -1.96163e-06 3.07102e-11 
208.056 -0.0148508 0.00338024 -0.0254526 -0.00694806 -0.00310266 -0.0163671 -0.00683885 -0.00410425 -0.0177199 0.00302858 0.00626753 0.0100474 0.0138133 0.0179268 0.0154854 0.0131553 0.012069 0.0116076 -0.00171378 0.00344941 0.00276302 0.0020644 0.00208879 0.00227546 0.0030169 0.0052222 0.00380741 0.00305308 0.00283219 0.00232108 0.00137173 0.00151643 0.0011217 0.00135225 0.000698372 0.00120334 0.00312137 0.00164931 0.000751839 -0.000119936 0.000415367 -0.000356826 -0.000308229 -0.000658719 -5.79957e-07 2.44636e-11 
182.167 -0.0153329 0.00357902 -0.0192305 -0.00655263 -0.0025425 -0.013767 -0.00861112 -0.00533938 -0.0142346 0.00274332 0.00552145 0.00883227 0.0120272 0.0154854 0.0193507 0.0163655 0.0146669 0.014407 -0.00253501 0.00454216 0.00293365 0.00240732 0.00259101 0.00279838 0.00383767 0.00633027 0.00467226 0.0036273 0.00352204 0.00285924 0.00172956 0.00175897 0.00121322 0.00174615 0.000769866 0.00148602 0.00405279 0.00207347 0.00114048 5.7989e-05 0.000433266 -0.000184174 -0.00020077 -0.00172357 -2.09468e-06 4.49025e-11 
124.614 -0.0144039 0.00229086 -0.0163477 -0.00492761 -0.00160211 -0.0157939 -0.0084943 -0.00541658 -0.0133771 0.0025157 0.00505168 0.00800616 0.010634 0.0131553 0.0163655 0.020756 0.0180768 0.01712 -0.00341592 0.00458314 0.0032276 0.00245107 0.00294006 0.00299248 0.00419411 0.00691415 0.00500373 0.00394846 0.00383574 0.00324747 0.0019012 0.00190519 0.00124325 0.00169764 0.00067398 0.00150702 0.00441132 0.0020218 0.00120368 -0.000118959 0.000545893 -0.000168668 -2.08246e-05 -0.00160217 -1.7799e-06 4.41064e-11 
90.1303 -0.0134485 0.00356833 -0.0113986 -0.0038825 -0.00128138 -0.0129739 -0.00831359 -0.00472518 -0.0113963 0.00242552 0.00466063 0.00723923 0.00983611 0.012069 0.0146669 0.0180768 0.0223699 0.020671 -0.00521007 0.00539286 0.00345327 0.00238234 0.00336593 0.00318603 0.00474056 0.00756134 0.00562955 0.00446777 0.00434683 0.00365835 0.00207764 0.0020633 0.00135316 0.00200471 0.000888252 0.00168293 0.00490845 0.0023426 0.00140707 0.000218178 0.000630083 0.000258969 -0.000148363 -0.00153945 -1.44364e-06 4.38996e-11 
80.602 -0.0124593 0.0051528 -0.00763577 -0.00300853 -0.000578207 -0.0132017 -0.00879012 -0.00490186 -0.0114957 0.00204596 0.00423617 0.00704347 0.00930091 0.0116076 0.014407 0.01712 0.020671 0.0254742 -0.00702841 0.00619224 0.00338086 0.00266184 0.00352345 0.00333947 0.00472867 0.0077951 0.00578783 0.00485176 0.00458235 0.00380986 0.00221109 0.00205751 0.00144009 0.00215209 0.00115623 0.00179166 0.00505258 0.0025063 0.0016404 0.000272042 0.000799852 3.48352e-05 -0.000295237 -0.00142567 -1.91668e-06 3.34972e-11 
-434.733 0.00820869 0.00122475 0.0505478 0.0111942 0.00369384 0.00594749 -0.00286819 -0.00227927 0.025274 -0.00027048 -0.000712928 -0.00105052 -0.00111712 -0.00171378 -0.00253501 -0.00341592 -0.00521007 -0.00702841 0.0743895 -0.0363672 0.0137123 0.00100088 0.00349651 0.00346787 0.00444154 0.00712223 0.00519427 0.00402799 0.00394319 0.00312507 0.00196774 0.00218924 0.00111496 0.00218759 0.000712642 0.00182262 0.0048264 0.00243614 0.00194425 0.000549958 0.00145759 0.000955023 0.0010997 0.00123276 1.38812e-06 1.5936e-11 
-272.083 0.00573883 0.0046748 0.0293504 0.00810681 0.00424167 0.00230045 -0.000852123 6.71173e-05 0.0113852 0.000606984 0.00128143 0.00204656 0.00241642 0.00344941 0.00454216 0.00458314 0.00539286 0.00619224 -0.0363672 0.0638246 -0.0218357 0.00611076 0.00149562 0.00318443 0.00312237 0.0057236 0.00415969 0.0032442 0.00303759 0.00246878 0.00171701 0.00138356 0.00115692 0.00143797 0.00105507 0.00161597 0.00291627 0.00278982 0.0012275 0.000516581 0.00136566 0.000215574 0.000529737 -0.000334268 -2.09695e-06 1.4993e-11 
-383.488 0.0110322 0.00487846 0.019949 0.00816361 0.00344841 0.00227089 0.00431928 0.00661235 0.0120765 0.000588059 0.00104851 0.00187925 0.00262143 0.00276302 0.00293365 0.0032276 0.00345327 0.00338086 0.0137123 -0.0218357 0.0407128 -0.00858257 0.00474873 0.00276949 0.00550901 0.00679797 0.00514917 0.00462402 0.00365114 0.00321038 0.00195687 0.00186827 0.0013052 0.0020132 0.0011076 0.00187281 0.00510075 0.00224981 0.0021889 0.00052672 0.00125625 0.000721356 -6.45408e-06 -0.00028465 -2.33136e-06 2.85765e-11 
-321.285 0.0113589 0.0049199 0.0174381 0.0092233 0.00402508 0.00173199 0.00616107 0.00565596 0.00485774 0.000502471 0.00072046 0.00104565 0.00163319 0.0020644 0.00240732 0.00245107 0.00238234 0.00266184 0.00100088 0.00611076 -0.00858257 0.0234415 -0.00561123 0.00342619 0.00320594 0.00545383 0.00371676 0.00339933 0.00272814 0.00239452 0.00135455 0.001435 0.00104593 0.00128319 0.000866123 0.0013151 0.00350216 0.00139431 0.00131863 0.000280467 0.00111115 0.000499806 0.000242335 0.000612893 -8.4574e-07 -7.3841e-13 
-535.925 0.013129 0.00219064 0.049542 0.0164153 0.00718533 0.0140228 0.0060829 0.00426117 0.0227119 0.000277613 0.000497478 0.00105574 0.00154018 0.00208879 0.00259101 0.00294006 0.00336593 0.00352345 0.00349651 0.00149562 0.00474873 -0.00561123 0.0283695 -0.00553556 0.00566613 0.0076713 0.00541361 0.00419823 0.00446596 0.00354415 0.00213609 0.00226572 0.00132292 0.00242052 0.000750201 0.00247554 0.00479217 0.00286045 0.00220879 0.000490257 0.00192712 0.00126009 0.00124592 -0.000325807 -1.8241e-06 4.20975e-11 
-389.411 0.0109256 -6.60519e-05 0.0273269 0.00870063 0.00387901 0.00406321 -0.00417163 -0.00596234 0.0204506 0.00049995 0.000756724 0.00121901 0.00177319 0.00227546 0.00279838 0.00299248 0.00318603 0.00333947 0.00346787 0.00318443 0.00276949 0.00342619 -0.00553556 0.024209 -0.00467437 0.00866635 0.00459706 0.00400466 0.00351685 0.00306799 0.00183726 0.00172067 0.00129811 0.00149945 0.00115804 0.00134857 0.0045216 0.00226367 0.00181513 0.000947357 0.00110375 0.00137059 0.000232658 0.000665274 -7.97537e-07 5.09916e-12 
-684.842 0.0159968 -0.000112376 0.0573016 0.0171269 0.00656402 0.0160003 0.00790034 0.0104409 0.0286438 0.0005846 0.000996992 0.00182763 0.00223179 0.0030169 0.00383767 0.00419411 0.00474056 0.00472867 0.00444154 0.00312237 0.00550901 0.00320594 0.00566613 -0.00467437 0.0376345 -0.00103042 0.010085 0.00694574 0.00574421 0.0049988 0.00340308 0.00295729 0.00224831 0.00260168 0.0016017 0.00258675 0.00658593 0.00401243 0.00373406 0.000922372 0.00233462 0.00115104 0.00143998 0.000125187 -8.05271e-07 2.92744e-11 
-988.928 0.0174441 -0.00322671 0.10398 0.0180491 0.00562766 0.0311569 -0.00531363 -0.00561437 0.0576711 0.000750839 0.00177381 0.0029206 0.00388037 0.0052222 0.00633027 0.00691415 0.00756134 0.0077951 0.00712223 0.0057236 0.00679797 0.00545383 0.0076713 0.00866635 -0.00103042 0.0498777 0.00126125 0.0119006 0.00873527 0.00762426 0.00472294 0.00458676 0.00313693 0.00426892 0.00242531 0.00404301 0.0099237 0.00574099 0.00422053 0.00138348 0.00345218 0.00260062 0.00132806 0.000879954 -2.07297e-06 4.71311e-11 
