* MPD
estimate_values:
process[Recruitment].b0 selectivity[chatTANSel].mu selectivity[chatTANSel].sigma_l selectivity[chatTANSel].sigma_r selectivity[eastFSel].mu selectivity[eastFSel].sigma_l selectivity[eastFSel].sigma_r selectivity[westFSel].mu selectivity[westFSel].sigma_l selectivity[westFSel].sigma_r process[Recruitment].ycs_values{1975} process[Recruitment].ycs_values{1976} process[Recruitment].ycs_values{1977} process[Recruitment].ycs_values{1978} process[Recruitment].ycs_values{1979} process[Recruitment].ycs_values{1980} process[Recruitment].ycs_values{1981} process[Recruitment].ycs_values{1982} process[Recruitment].ycs_values{1983} process[Recruitment].ycs_values{1984} process[Recruitment].ycs_values{1985} process[Recruitment].ycs_values{1986} process[Recruitment].ycs_values{1987} process[Recruitment].ycs_values{1988} process[Recruitment].ycs_values{1989} process[Recruitment].ycs_values{1990} process[Recruitment].ycs_values{1991} process[Recruitment].ycs_values{1992} process[Recruitment].ycs_values{1993} process[Recruitment].ycs_values{1994} process[Recruitment].ycs_values{1995} process[Recruitment].ycs_values{1996} process[Recruitment].ycs_values{1997} process[Recruitment].ycs_values{1998} process[Recruitment].ycs_values{1999} process[Recruitment].ycs_values{2000} process[Recruitment].ycs_values{2001} process[Recruitment].ycs_values{2002} process[Recruitment].ycs_values{2003} process[Recruitment].ycs_values{2004} process[Recruitment].ycs_values{2005} process[Recruitment].ycs_values{2006} process[Recruitment].ycs_values{2007} process[Recruitment].ycs_values{2008} process[Recruitment].ycs_values{2009} process[Recruitment].ycs_values{2010} process[Recruitment].ycs_values{2011} 
52715.2 9.60572 5.44333 11.6139 10.9038 3.51659 7.05311 6.57345 3.05878 8.04328 1.02704 1.05107 1.0695 1.08057 1.08292 1.07388 1.05136 1.02565 1.01001 0.423036 0.474271 0.515759 0.379102 0.521181 0.439839 0.66603 0.988851 0.749307 0.643662 0.583723 0.48119 0.31672 0.299188 0.218314 0.328051 0.216723 0.324072 0.910974 0.518689 0.429989 0.185345 0.304371 0.257212 0.229268 0.259215 3 3 
covariance_matrix:
1.63368e+08 -4794.57 -1129.16 -13556 -10107 -5034.59 3527.76 -1386.51 35.4725 -5279.45 60.7252 136.808 141.478 90.5813 48.51 26.9118 -31.7304 -72.2358 -80.1287 -434.312 -261.858 -488.723 -243.179 -296.187 -789.298 -425.479 -1282.21 -841.964 -529.703 -605.71 -536.552 -282.687 -301.884 -229.53 -276.672 -57.7172 -377.949 -424.777 -321.072 -191.01 45.7358 -268.378 -206.191 -18.3472 -300.815 -0.00117665 0.000306 
-4794.57 0.885489 0.597238 -0.549528 0.623322 0.329331 -0.5354 0.0321177 -0.065456 0.0980955 -0.000511031 -0.00264933 -0.00234885 0.00128468 0.00246937 0.00248859 0.00317029 0.00371809 0.00421048 0.0163919 0.0145669 0.0225768 0.00836117 0.00621274 0.0456953 0.00240038 0.0588517 0.0343638 0.01681 0.0292717 0.027989 0.0147328 0.0172417 0.0138355 0.0158017 0.00380367 0.0283365 0.0371661 0.0337143 0.023346 -2.26341e-05 0.026376 0.0211665 0.00290891 0.0230032 9.52905e-08 -4.50799e-08 
-1129.16 0.597238 0.639388 -0.309332 0.467138 0.259853 -0.517044 -0.0481875 -0.102336 -0.0281073 0.00440831 0.0092823 0.0127966 0.017931 0.0227012 0.023674 0.0226577 0.0222904 0.0235226 0.0130239 0.0152799 0.0172799 0.00327815 0.000220278 0.03399 -0.00819722 0.0405395 0.0246491 0.00949952 0.0212196 0.0201144 0.00983044 0.0108695 0.00992363 0.0110194 0.00230004 0.0202838 0.022356 0.0239465 0.0110647 -0.00410203 0.0123462 0.00818483 -0.00881004 0.00785041 8.61305e-08 -4.57713e-08 
-13556 -0.549528 -0.309332 8.73137 1.85692 1.01027 -1.01387 -0.227044 -0.45082 0.710612 -0.00167121 -0.00541864 0.000318778 0.0188793 0.035076 0.0413235 0.045313 0.0506701 0.0557741 0.0790791 0.048733 0.0629861 0.0232471 0.0241249 0.13862 0.0488028 0.208401 0.149088 0.0915667 0.106377 0.10316 0.0566781 0.0548171 0.0469021 0.0657549 0.0101021 0.0880658 0.135043 0.0928061 0.054445 -0.00183192 0.0639559 0.0495296 0.0125009 0.0569053 2.9797e-07 -1.75807e-07 
-10107 0.623322 0.467138 1.85692 3.07573 1.75603 -3.00007 -0.256899 -0.551086 0.260479 0.0131115 0.0176375 0.031291 0.0530572 0.0703842 0.0681674 0.0696607 0.0704265 0.0696187 0.0515855 0.0429217 0.0593955 0.00452891 -0.00664799 0.153589 -0.0103183 0.180464 0.116851 0.0476468 0.08861 0.0916831 0.0457495 0.0501938 0.0465339 0.0522581 -0.00230981 0.0936051 0.0947233 0.0819137 0.052094 -0.0144356 0.0741329 0.061421 0.00389592 0.0735872 3.8503e-07 -2.11895e-07 
-5034.59 0.329331 0.259853 1.01027 1.75603 1.05071 -1.68916 -0.15762 -0.321949 0.119067 0.00808422 0.0109915 0.0188367 0.0306784 0.0406868 0.0389454 0.0399798 0.0405582 0.0399269 0.0276715 0.0238348 0.0321277 0.00142434 -0.00579685 0.0867549 -0.00889917 0.0991796 0.0650495 0.0249494 0.0488896 0.0507759 0.0249037 0.0274376 0.0258705 0.0278973 -0.00350958 0.0520222 0.0483931 0.0425848 0.0280364 -0.00868322 0.0409168 0.0339791 0.00219496 0.0392605 2.18881e-07 -1.20258e-07 
3527.76 -0.5354 -0.517044 -1.01387 -3.00007 -1.68916 4.64481 0.385305 0.643892 -0.0159829 -0.0209702 -0.0317894 -0.0501595 -0.0784673 -0.0958157 -0.0948225 -0.0935285 -0.0909577 -0.0881762 -0.0419886 -0.0385541 -0.053716 0.00480156 0.0264688 -0.142562 0.0308438 -0.142795 -0.087782 -0.0239871 -0.0617639 -0.0735331 -0.034743 -0.036777 -0.0402445 -0.0364545 0.00514003 -0.081072 -0.0704047 -0.0686859 -0.0420226 0.021381 -0.0661254 -0.0481668 0.00233029 -0.0720052 -3.90676e-07 2.1459e-07 
-1386.51 0.0321177 -0.0481875 -0.227044 -0.256899 -0.15762 0.385305 1.10353 1.06102 -0.906989 -0.00447892 -0.00750244 -0.0115966 -0.0162113 -0.0199722 -0.0199528 -0.0198905 -0.0200182 -0.0198989 -0.0115752 -0.00955654 -0.00361239 0.00647043 0.00945 -0.0291264 0.0129657 -0.0350523 -0.0115044 0.00525355 -0.000940253 -0.00687501 0.00217019 -0.000831878 -0.00305213 -0.00175345 0.00339935 -0.011324 -0.00944839 -0.00330324 0.00949905 0.0049279 -0.00151034 -0.00544425 0.00468892 -0.00951372 -5.93038e-08 4.49792e-08 
35.4725 -0.065456 -0.102336 -0.45082 -0.551086 -0.321949 0.643892 1.06102 1.16308 -0.818489 -0.00519932 -0.00808285 -0.0132744 -0.020399 -0.0254445 -0.0251495 -0.025021 -0.0246784 -0.0238983 -0.0167158 -0.0142482 -0.00838833 0.00701301 0.00878278 -0.0476518 0.0177339 -0.0554302 -0.0223116 0.0011461 -0.0112288 -0.0193586 -0.00303498 -0.00813159 -0.00915161 -0.00867616 0.00376296 -0.023459 -0.022871 -0.0132683 0.00115417 0.00437544 -0.0139372 -0.0176935 9.20368e-06 -0.0210714 -1.06806e-07 7.09489e-08 
-5279.45 0.0980955 -0.0281073 0.710612 0.260479 0.119067 -0.0159829 -0.906989 -0.818489 2.13487 -0.00609116 -0.0113329 -0.0141138 -0.0152987 -0.0150192 -0.0153983 -0.0131185 -0.0108177 -0.00898676 0.0180861 0.00707624 0.0122562 0.00469775 0.00612471 0.0342964 0.0108625 0.0569246 0.0340035 0.01617 0.0190953 0.0161832 0.00624441 0.00825763 0.00648937 0.0113113 0.00261218 0.0163747 0.0284328 0.0161532 0.0033614 0.00178297 0.00861866 0.0117931 0.000379249 0.0131 2.32634e-08 -1.8494e-08 
60.7252 -0.000511031 0.00440831 -0.00167121 0.0131115 0.00808422 -0.0209702 -0.00447892 -0.00519932 -0.00609116 0.00518847 0.00483412 0.0044982 0.00415102 0.00415174 0.00375949 0.0034051 0.00331677 0.00280296 0.000507397 0.000733566 0.0012939 0.00053212 0.000500001 0.00151918 0.000666865 0.00253529 0.00150181 0.00122301 0.00115471 0.00112229 0.000676358 0.000635713 0.000535458 0.000572328 0.000191319 0.000772617 0.00140763 0.000814454 0.000704915 -5.04327e-05 0.000646152 8.92765e-05 -0.000258271 0.000251988 2.94494e-09 -1.52222e-09 
136.808 -0.00264933 0.0092823 -0.00541864 0.0176375 0.0109915 -0.0317894 -0.00750244 -0.00808285 -0.0113329 0.00483412 0.0101223 0.00910231 0.00838955 0.00791572 0.00702539 0.00648491 0.00602702 0.0054397 0.000206809 0.00169537 0.0021639 0.000731897 0.000753636 0.00233426 0.00105136 0.00420252 0.00242604 0.00188958 0.00196432 0.00197252 0.00102036 0.00112324 0.00100083 0.000836388 0.000294456 0.00125879 0.00227114 0.00123228 0.000762191 -0.0002914 0.000668537 0.000164541 -0.000453769 -0.000251482 4.42647e-09 -2.26308e-09 
141.478 -0.00234885 0.0127966 0.000318778 0.031291 0.0188367 -0.0501595 -0.0115966 -0.0132744 -0.0141138 0.0044982 0.00910231 0.0148833 0.0134161 0.0120891 0.0110459 0.0101167 0.00938942 0.00902807 0.000464235 0.0029087 0.00303172 0.000980242 0.00110802 0.00409814 0.00154751 0.00693757 0.00417391 0.00279921 0.00331164 0.00316952 0.00155919 0.00172639 0.00150749 0.001577 0.000347477 0.00221331 0.00398813 0.00237608 0.00124962 -0.000475985 0.0011674 0.00071494 -0.000398323 0.000224758 7.46903e-09 -3.93976e-09 
90.5813 0.00128468 0.017931 0.0188793 0.0530572 0.0306784 -0.0784673 -0.0162113 -0.020399 -0.0152987 0.00415102 0.00838955 0.0134161 0.0187618 0.0172006 0.015302 0.0138609 0.0132044 0.012572 0.000922735 0.00453588 0.00423033 0.00149471 0.00155775 0.00640409 0.00220642 0.0101838 0.00622132 0.00412333 0.00489902 0.00482988 0.00238001 0.00250379 0.00219267 0.00261118 0.000604834 0.00362907 0.00617944 0.00379541 0.00231393 -0.000674006 0.00207801 0.00126039 -0.000268614 0.000590711 1.19209e-08 -6.67385e-09 
48.51 0.00246937 0.0227012 0.035076 0.0703842 0.0406868 -0.0958157 -0.0199722 -0.0254445 -0.0150192 0.00415174 0.00791572 0.0120891 0.0172006 0.022679 0.0195495 0.0175188 0.0164102 0.0159743 0.000901205 0.006039 0.00504197 0.00200926 0.00208234 0.00811226 0.00297051 0.0130567 0.00812399 0.00542188 0.00635995 0.00607898 0.00313521 0.00320783 0.002807 0.00345243 0.00076075 0.00465433 0.0080221 0.00500403 0.00321705 -0.000582423 0.00294902 0.00179962 -0.000153838 0.000955137 1.52668e-08 -8.65663e-09 
26.9118 0.00248859 0.023674 0.0413235 0.0681674 0.0389454 -0.0948225 -0.0199528 -0.0251495 -0.0153983 0.00375949 0.00702539 0.0110459 0.015302 0.0195495 0.02356 0.0204969 0.0190146 0.0183358 -4.18634e-05 0.00625625 0.00565395 0.00214796 0.00238805 0.00857959 0.00323056 0.0139694 0.00864012 0.00577549 0.00674907 0.00653841 0.0034074 0.00357924 0.00296027 0.00352839 0.000943911 0.00480383 0.00819158 0.00517627 0.00329013 -0.000643303 0.0029437 0.00192926 -0.000371941 0.000860491 1.49953e-08 -8.34449e-09 
-31.7304 0.00317029 0.0226577 0.045313 0.0696607 0.0399798 -0.0935285 -0.0198905 -0.025021 -0.0131185 0.0034051 0.00648491 0.0101167 0.0138609 0.0175188 0.0204969 0.0247252 0.0223202 0.0212587 -0.000983555 0.00642928 0.00598424 0.00231234 0.00282252 0.00886304 0.00382122 0.0147607 0.00921918 0.00624661 0.00719155 0.00692784 0.00365283 0.00379032 0.00299107 0.00369565 0.00091726 0.00492257 0.00880515 0.00532898 0.00344618 -0.000547984 0.00312788 0.00206157 1.57117e-05 0.000959843 1.48889e-08 -7.92202e-09 
-72.2358 0.00371809 0.0222904 0.0506701 0.0704265 0.0405582 -0.0909577 -0.0200182 -0.0246784 -0.0108177 0.00331677 0.00602702 0.00938942 0.0132044 0.0164102 0.0190146 0.0223202 0.0267384 0.0248814 -0.00267954 0.00719606 0.00600066 0.0024382 0.0032405 0.00909208 0.00418172 0.0153601 0.00975637 0.00665896 0.00765447 0.00720473 0.00380261 0.00390219 0.00299799 0.00405819 0.00101959 0.00509137 0.0095572 0.00564599 0.00371446 -0.00036936 0.00331561 0.0022066 0.000165474 0.00105188 1.48182e-08 -7.87923e-09 
-80.1287 0.00421048 0.0235226 0.0557741 0.0696187 0.0399269 -0.0881762 -0.0198989 -0.0238983 -0.00898676 0.00280296 0.0054397 0.00902807 0.012572 0.0159743 0.0183358 0.0212587 0.0248814 0.029571 -0.00473201 0.00838312 0.00583634 0.00253588 0.00336584 0.00917064 0.00433761 0.0155261 0.00996074 0.00696528 0.00783088 0.00741847 0.00390341 0.00386471 0.00307335 0.00429218 0.00134417 0.00526303 0.00982761 0.00594331 0.00391711 -0.000213218 0.00330907 0.00217707 0.000112059 0.000898579 1.45528e-08 -7.94807e-09 
-434.312 0.0163919 0.0130239 0.0790791 0.0515855 0.0276715 -0.0419886 -0.0115752 -0.0167158 0.0180861 0.000507397 0.000206809 0.000464235 0.000922735 0.000901205 -4.18634e-05 -0.000983555 -0.00267954 -0.00473201 0.0766346 -0.0348635 0.0140216 0.000881662 0.00391208 0.00557273 0.00499408 0.0106189 0.0076114 0.00492158 0.00571231 0.00491766 0.00274056 0.00286123 0.00204965 0.00298569 0.000602404 0.00358355 0.0069579 0.00404282 0.00264984 6.31263e-05 0.00263091 0.00203659 0.000241655 0.00149561 8.38745e-09 -4.59081e-09 
-261.858 0.0145669 0.0152799 0.048733 0.0429217 0.0238348 -0.0385541 -0.00955654 -0.0142482 0.00707624 0.000733566 0.00169537 0.0029087 0.00453588 0.006039 0.00625625 0.00642928 0.00719606 0.00838312 -0.0348635 0.0664461 -0.0214233 0.00584167 0.00190809 0.00532245 0.00352152 0.00911135 0.006996 0.00392236 0.00481542 0.00443785 0.00229552 0.00215163 0.00200811 0.00229272 0.00102831 0.00349011 0.00545905 0.00460779 0.00185003 0.000247394 0.00233325 0.0022596 -0.000345592 0.00143296 8.40939e-09 -4.80832e-09 
-488.723 0.0225768 0.0172799 0.0629861 0.0593955 0.0321277 -0.053716 -0.00361239 -0.00838833 0.0122562 0.0012939 0.0021639 0.00303172 0.00423033 0.00504197 0.00565395 0.00598424 0.00600066 0.00583634 0.0140216 -0.0214233 0.043139 -0.00853753 0.00380601 0.00747 0.0031094 0.0117875 0.00720724 0.00552353 0.00580945 0.0055378 0.00302636 0.00316264 0.00247708 0.00313647 0.00130739 0.00407487 0.00761726 0.00447784 0.00355431 -0.000167857 0.00329485 0.0018798 0.000651391 0.00199893 1.01092e-08 -4.53291e-09 
-243.179 0.00836117 0.00327815 0.0232471 0.00452891 0.00142434 0.00480156 0.00647043 0.00701301 0.00469775 0.00053212 0.000731897 0.000980242 0.00149471 0.00200926 0.00214796 0.00231234 0.0024382 0.00253588 0.000881662 0.00584167 -0.00853753 0.0236452 -0.00635332 0.00352691 0.00263175 0.00477626 0.00314089 0.00312282 0.00250347 0.00221842 0.00120711 0.00129589 0.000793502 0.00139983 0.000767992 0.00120668 0.0035518 0.00128184 0.00139285 0.000240241 0.000902111 -0.000156792 0.000528922 5.9129e-05 -1.17499e-10 4.16338e-10 
-296.187 0.00621274 0.000220278 0.0241249 -0.00664799 -0.00579685 0.0264688 0.00945 0.00878278 0.00612471 0.000500001 0.000753636 0.00110802 0.00155775 0.00208234 0.00238805 0.00282252 0.0032405 0.00336584 0.00391208 0.00190809 0.00380601 -0.00635332 0.0291617 -0.00757801 0.00657748 0.00599147 0.00465335 0.0036071 0.00387356 0.00302638 0.0016706 0.00195017 0.00104903 0.0020929 0.000829094 0.00202147 0.00464771 0.00222351 0.00174389 0.000729696 0.00103918 0.00197625 4.73291e-05 -0.000206351 -2.47912e-09 2.00849e-09 
-789.298 0.0456953 0.03399 0.13862 0.153589 0.0867549 -0.142562 -0.0291264 -0.0476518 0.0342964 0.00151918 0.00233426 0.00409814 0.00640409 0.00811226 0.00857959 0.00886304 0.00909208 0.00917064 0.00557273 0.00532245 0.00747 0.00352691 -0.00757801 0.0353174 -0.00752538 0.0209353 0.0110067 0.00695039 0.00874024 0.00875712 0.00467019 0.00465505 0.00408728 0.0046354 0.00107093 0.00725219 0.011027 0.00805022 0.00530579 -0.00028286 0.00608516 0.00393985 0.00156875 0.00469596 2.70628e-08 -1.49822e-08 
-425.479 0.00240038 -0.00819722 0.0488028 -0.0103183 -0.00889917 0.0308438 0.0129657 0.0177339 0.0108625 0.000666865 0.00105136 0.00154751 0.00220642 0.00297051 0.00323056 0.00382122 0.00418172 0.00433761 0.00499408 0.00352152 0.0031094 0.00263175 0.00657748 -0.00752538 0.0382622 -0.00399537 0.00914014 0.00582202 0.00491335 0.00406599 0.00272185 0.00219533 0.00170389 0.00212108 0.00150935 0.00189448 0.0057458 0.00314828 0.00281017 0.000778645 0.00150431 0.00136402 7.95967e-05 -3.59291e-05 -3.62022e-09 2.39396e-09 
-1282.21 0.0588517 0.0405395 0.208401 0.180464 0.0991796 -0.142795 -0.0350523 -0.0554302 0.0569246 0.00253529 0.00420252 0.00693757 0.0101838 0.0130567 0.0139694 0.0147607 0.0153601 0.0155261 0.0106189 0.00911135 0.0117875 0.00477626 0.00599147 0.0209353 -0.00399537 0.0639475 0.00893341 0.0151414 0.0149356 0.014448 0.00782298 0.00795886 0.00624436 0.00826808 0.00206931 0.0110376 0.0187554 0.0125211 0.00842683 7.54438e-05 0.00888239 0.00678013 0.00190803 0.00550843 3.22681e-08 -1.80764e-08 
-841.964 0.0343638 0.0246491 0.149088 0.116851 0.0650495 -0.087782 -0.0115044 -0.0223116 0.0340035 0.00150181 0.00242604 0.00417391 0.00622132 0.00812399 0.00864012 0.00921918 0.00975637 0.00996074 0.0076114 0.006996 0.00720724 0.00314089 0.00465335 0.0110067 0.00914014 0.00893341 0.0401052 0.000746526 0.011928 0.00968358 0.00522205 0.00556357 0.00421424 0.00544774 0.00169383 0.00700833 0.012694 0.00838926 0.00517504 0.000447074 0.00556244 0.00421665 0.000856472 0.00348883 1.92418e-08 -1.06124e-08 
-529.703 0.01681 0.00949952 0.0915667 0.0476468 0.0249494 -0.0239871 0.00525355 0.0011461 0.01617 0.00122301 0.00188958 0.00279921 0.00412333 0.00542188 0.00577549 0.00624661 0.00665896 0.00696528 0.00492158 0.00392236 0.00552353 0.00312282 0.0036071 0.00695039 0.00582202 0.0151414 0.000746526 0.0261384 0.00150098 0.00694677 0.00368082 0.00368118 0.00304393 0.00361635 0.00151966 0.00432787 0.00859704 0.00531269 0.00417501 0.000351931 0.0034588 0.00230033 0.000921652 0.00134273 7.23841e-09 -3.2283e-09 
-605.71 0.0292717 0.0212196 0.106377 0.08861 0.0488896 -0.0617639 -0.000940253 -0.0112288 0.0190953 0.00115471 0.00196432 0.00331164 0.00489902 0.00635995 0.00674907 0.00719155 0.00765447 0.00783088 0.00571231 0.00481542 0.00580945 0.00250347 0.00387356 0.00874024 0.00491335 0.0149356 0.011928 0.00150098 0.0224703 0.00391362 0.00430955 0.00442901 0.00334697 0.00472524 0.00122223 0.00565944 0.0105433 0.00671168 0.00437033 0.000321619 0.00430564 0.00351679 0.00104699 0.0028091 1.43755e-08 -7.47991e-09 
-536.552 0.027989 0.0201144 0.10316 0.0916831 0.0507759 -0.0735331 -0.00687501 -0.0193586 0.0161832 0.00112229 0.00197252 0.00316952 0.00482988 0.00607898 0.00653841 0.00692784 0.00720473 0.00741847 0.00491766 0.00443785 0.0055378 0.00221842 0.00302638 0.00875712 0.00406599 0.014448 0.00968358 0.00694677 0.00391362 0.0173039 0.00139374 0.00422672 0.00314006 0.00409265 0.00123107 0.0056702 0.0095134 0.00631225 0.0042733 9.52839e-05 0.00457217 0.00357148 0.000777825 0.00297135 1.54815e-08 -8.52296e-09 
-282.687 0.0147328 0.00983044 0.0566781 0.0457495 0.0249037 -0.034743 0.00217019 -0.00303498 0.00624441 0.000676358 0.00102036 0.00155919 0.00238001 0.00313521 0.0034074 0.00365283 0.00380261 0.00390341 0.00274056 0.00229552 0.00302636 0.00120711 0.0016706 0.00467019 0.00272185 0.00782298 0.00522205 0.00368082 0.00430955 0.00139374 0.00961598 0.00022452 0.00193882 0.00218417 0.000794076 0.00290174 0.00514675 0.003666 0.00273159 0.000312057 0.00248752 0.00186555 0.000688432 0.00147872 7.31555e-09 -3.8428e-09 
-301.884 0.0172417 0.0108695 0.0548171 0.0501938 0.0274376 -0.036777 -0.000831878 -0.00813159 0.00825763 0.000635713 0.00112324 0.00172639 0.00250379 0.00320783 0.00357924 0.00379032 0.00390219 0.00386471 0.00286123 0.00215163 0.00316264 0.00129589 0.00195017 0.00465505 0.00219533 0.00795886 0.00556357 0.00368118 0.00442901 0.00422672 0.00022452 0.00898662 2.29493e-05 0.00269648 0.000568385 0.00312621 0.00574717 0.00361517 0.00246802 0.000155034 0.00265513 0.00223968 0.000658528 0.00186733 8.25619e-09 -4.44314e-09 
-229.53 0.0138355 0.00992363 0.0469021 0.0465339 0.0258705 -0.0402445 -0.00305213 -0.00915161 0.00648937 0.000535458 0.00100083 0.00150749 0.00219267 0.002807 0.00296027 0.00299107 0.00299799 0.00307335 0.00204965 0.00200811 0.00247708 0.000793502 0.00104903 0.00408728 0.00170389 0.00624436 0.00421424 0.00304393 0.00334697 0.00314006 0.00193882 2.29493e-05 0.00773043 -0.000462483 0.000982308 0.00261759 0.00437636 0.00303072 0.00216454 3.66609e-05 0.00217877 0.00161848 0.000459168 0.00176987 7.53501e-09 -4.02987e-09 
-276.672 0.0158017 0.0110194 0.0657549 0.0522581 0.0278973 -0.0364545 -0.00175345 -0.00867616 0.0113113 0.000572328 0.000836388 0.001577 0.00261118 0.00345243 0.00352839 0.00369565 0.00405819 0.00429218 0.00298569 0.00229272 0.00313647 0.00139983 0.0020929 0.0046354 0.00212108 0.00826808 0.00544774 0.00361635 0.00472524 0.00409265 0.00218417 0.00269648 -0.000462483 0.0117178 -0.0016166 0.00407662 0.00686409 0.00421447 0.00297151 0.000400103 0.00276858 0.00247045 0.000847497 0.00177328 8.06063e-09 -4.11316e-09 
-57.7172 0.00380367 0.00230004 0.0101021 -0.00230981 -0.00350958 0.00514003 0.00339935 0.00376296 0.00261218 0.000191319 0.000294456 0.000347477 0.000604834 0.00076075 0.000943911 0.00091726 0.00101959 0.00134417 0.000602404 0.00102831 0.00130739 0.000767992 0.000829094 0.00107093 0.00150935 0.00206931 0.00169383 0.00151966 0.00122223 0.00123107 0.000794076 0.000568385 0.000982308 -0.0016166 0.00843185 -0.00201195 0.00319542 0.00154779 0.00105274 0.000431351 0.000829383 0.000323583 0.000292762 0.000391287 -8.45637e-10 1.01888e-09 
-377.949 0.0283365 0.0202838 0.0880658 0.0936051 0.0520222 -0.081072 -0.011324 -0.023459 0.0163747 0.000772617 0.00125879 0.00221331 0.00362907 0.00465433 0.00480383 0.00492257 0.00509137 0.00526303 0.00358355 0.00349011 0.00407487 0.00120668 0.00202147 0.00725219 0.00189448 0.0110376 0.00700833 0.00432787 0.00565944 0.0056702 0.00290174 0.00312621 0.00261759 0.00407662 -0.00201195 0.0172622 0.0037512 0.00678389 0.0041704 0.000198667 0.0042316 0.00371757 0.00112229 0.00328658 1.57561e-08 -8.61963e-09 
-424.777 0.0371661 0.022356 0.135043 0.0947233 0.0483931 -0.0704047 -0.00944839 -0.022871 0.0284328 0.00140763 0.00227114 0.00398813 0.00617944 0.0080221 0.00819158 0.00880515 0.0095572 0.00982761 0.0069579 0.00545905 0.00761726 0.0035518 0.00464771 0.011027 0.0057458 0.0187554 0.012694 0.00859704 0.0105433 0.0095134 0.00514675 0.00574717 0.00437636 0.00686409 0.00319542 0.0037512 0.0465847 0.00569678 0.0098951 0.0017684 0.00824475 0.00645148 0.002998 0.00456287 1.65994e-08 -7.93895e-09 
-321.072 0.0337143 0.0239465 0.0928061 0.0819137 0.0425848 -0.0686859 -0.00330324 -0.0132683 0.0161532 0.000814454 0.00123228 0.00237608 0.00379541 0.00500403 0.00517627 0.00532898 0.00564599 0.00594331 0.00404282 0.00460779 0.00447784 0.00128184 0.00222351 0.00805022 0.00314828 0.0125211 0.00838926 0.00531269 0.00671168 0.00631225 0.003666 0.00361517 0.00303072 0.00421447 0.00154779 0.00678389 0.00569678 0.0294279 0.00151598 0.001895 0.00576105 0.0047239 0.00230071 0.00418725 1.55976e-08 -8.077e-09 
-191.01 0.023346 0.0110647 0.054445 0.052094 0.0280364 -0.0420226 0.00949905 0.00115417 0.0033614 0.000704915 0.000762191 0.00124962 0.00231393 0.00321705 0.00329013 0.00344618 0.00371446 0.00391711 0.00264984 0.00185003 0.00355431 0.00139285 0.00174389 0.00530579 0.00281017 0.00842683 0.00517504 0.00417501 0.00437033 0.0042733 0.00273159 0.00246802 0.00216454 0.00297151 0.00105274 0.0041704 0.0098951 0.00151598 0.0220455 -0.00126316 0.00499704 0.00377638 0.00230058 0.00229149 8.4226e-09 -4.06174e-09 
45.7358 -2.26341e-05 -0.00410203 -0.00183192 -0.0144356 -0.00868322 0.021381 0.0049279 0.00437544 0.00178297 -5.04327e-05 -0.0002914 -0.000475985 -0.000674006 -0.000582423 -0.000643303 -0.000547984 -0.00036936 -0.000213218 6.31263e-05 0.000247394 -0.000167857 0.000240241 0.000729696 -0.00028286 0.000778645 7.54438e-05 0.000447074 0.000351931 0.000321619 9.52839e-05 0.000312057 0.000155034 3.66609e-05 0.000400103 0.000431351 0.000198667 0.0017684 0.001895 -0.00126316 0.00834138 -0.00065576 0.00115973 0.00100084 0.000176521 -3.12486e-09 2.05908e-09 
-268.378 0.026376 0.0123462 0.0639559 0.0741329 0.0409168 -0.0661254 -0.00151034 -0.0139372 0.00861866 0.000646152 0.000668537 0.0011674 0.00207801 0.00294902 0.0029437 0.00312788 0.00331561 0.00330907 0.00263091 0.00233325 0.00329485 0.000902111 0.00103918 0.00608516 0.00150431 0.00888239 0.00556244 0.0034588 0.00430564 0.00457217 0.00248752 0.00265513 0.00217877 0.00276858 0.000829383 0.0042316 0.00824475 0.00576105 0.00499704 -0.00065576 0.017763 0.00196821 0.00231688 0.00353912 1.27025e-08 -6.61409e-09 
-206.191 0.0211665 0.00818483 0.0495296 0.061421 0.0339791 -0.0481668 -0.00544425 -0.0176935 0.0117931 8.92765e-05 0.000164541 0.00071494 0.00126039 0.00179962 0.00192926 0.00206157 0.0022066 0.00217707 0.00203659 0.0022596 0.0018798 -0.000156792 0.00197625 0.00393985 0.00136402 0.00678013 0.00421665 0.00230033 0.00351679 0.00357148 0.00186555 0.00223968 0.00161848 0.00247045 0.000323583 0.00371757 0.00645148 0.0047239 0.00377638 0.00115973 0.00196821 0.0202118 0.000878112 0.00343732 1.03114e-08 -6.05672e-09 
-18.3472 0.00290891 -0.00881004 0.0125009 0.00389592 0.00219496 0.00233029 0.00468892 9.20368e-06 0.000379249 -0.000258271 -0.000453769 -0.000398323 -0.000268614 -0.000153838 -0.000371941 1.57117e-05 0.000165474 0.000112059 0.000241655 -0.000345592 0.000651391 0.000528922 4.73291e-05 0.00156875 7.95967e-05 0.00190803 0.000856472 0.000921652 0.00104699 0.000777825 0.000688432 0.000658528 0.000459168 0.000847497 0.000292762 0.00112229 0.002998 0.00230071 0.00230058 0.00100084 0.00231688 0.000878112 0.0212769 0.000824867 2.96602e-10 -8.1649e-11 
-300.815 0.0230032 0.00785041 0.0569053 0.0735872 0.0392605 -0.0720052 -0.00951372 -0.0210714 0.0131 0.000251988 -0.000251482 0.000224758 0.000590711 0.000955137 0.000860491 0.000959843 0.00105188 0.000898579 0.00149561 0.00143296 0.00199893 5.9129e-05 -0.000206351 0.00469596 -3.59291e-05 0.00550843 0.00348883 0.00134273 0.0028091 0.00297135 0.00147872 0.00186733 0.00176987 0.00177328 0.000391287 0.00328658 0.00456287 0.00418725 0.00229149 0.000176521 0.00353912 0.00343732 0.000824867 0.0503084 1.37367e-08 -6.30959e-09 
-0.00117665 9.52905e-08 8.61305e-08 2.9797e-07 3.8503e-07 2.18881e-07 -3.90676e-07 -5.93038e-08 -1.06806e-07 2.32634e-08 2.94494e-09 4.42647e-09 7.46903e-09 1.19209e-08 1.52668e-08 1.49953e-08 1.48889e-08 1.48182e-08 1.45528e-08 8.38745e-09 8.40939e-09 1.01092e-08 -1.17499e-10 -2.47912e-09 2.70628e-08 -3.62022e-09 3.22681e-08 1.92418e-08 7.23841e-09 1.43755e-08 1.54815e-08 7.31555e-09 8.25619e-09 7.53501e-09 8.06063e-09 -8.45637e-10 1.57561e-08 1.65994e-08 1.55976e-08 8.4226e-09 -3.12486e-09 1.27025e-08 1.03114e-08 2.96602e-10 1.37367e-08 1.19153e-13 -3.24298e-14 
0.000306 -4.50799e-08 -4.57713e-08 -1.75807e-07 -2.11895e-07 -1.20258e-07 2.1459e-07 4.49792e-08 7.09489e-08 -1.8494e-08 -1.52222e-09 -2.26308e-09 -3.93976e-09 -6.67385e-09 -8.65663e-09 -8.34449e-09 -7.92202e-09 -7.87923e-09 -7.94807e-09 -4.59081e-09 -4.80832e-09 -4.53291e-09 4.16338e-10 2.00849e-09 -1.49822e-08 2.39396e-09 -1.80764e-08 -1.06124e-08 -3.2283e-09 -7.47991e-09 -8.52296e-09 -3.8428e-09 -4.44314e-09 -4.02987e-09 -4.11316e-09 1.01888e-09 -8.61963e-09 -7.93895e-09 -8.077e-09 -4.06174e-09 2.05908e-09 -6.61409e-09 -6.05672e-09 -8.1649e-11 -6.30959e-09 -3.24298e-14 1.83746e-12 
*end
