*mpd[__mpd__]
MPD {list}
estimated_values {dataframe}
process[Recruitment].b0 selectivity[chatTANSel].mu selectivity[chatTANSel].sigma_l selectivity[chatTANSel].sigma_r selectivity[eastFSel].mu selectivity[eastFSel].sigma_l selectivity[eastFSel].sigma_r selectivity[westFSel].mu selectivity[westFSel].sigma_l selectivity[westFSel].sigma_r process[Recruitment].recruitment_multipliers{1976} process[Recruitment].recruitment_multipliers{1977} process[Recruitment].recruitment_multipliers{1978} process[Recruitment].recruitment_multipliers{1979} process[Recruitment].recruitment_multipliers{1980} process[Recruitment].recruitment_multipliers{1981} process[Recruitment].recruitment_multipliers{1982} process[Recruitment].recruitment_multipliers{1983} process[Recruitment].recruitment_multipliers{1984} process[Recruitment].recruitment_multipliers{1985} process[Recruitment].recruitment_multipliers{1986} process[Recruitment].recruitment_multipliers{1987} process[Recruitment].recruitment_multipliers{1988} process[Recruitment].recruitment_multipliers{1989} process[Recruitment].recruitment_multipliers{1990} process[Recruitment].recruitment_multipliers{1991} process[Recruitment].recruitment_multipliers{1992} process[Recruitment].recruitment_multipliers{1993} process[Recruitment].recruitment_multipliers{1994} process[Recruitment].recruitment_multipliers{1995} process[Recruitment].recruitment_multipliers{1996} process[Recruitment].recruitment_multipliers{1997} process[Recruitment].recruitment_multipliers{1998} process[Recruitment].recruitment_multipliers{1999} process[Recruitment].recruitment_multipliers{2000} process[Recruitment].recruitment_multipliers{2001} process[Recruitment].recruitment_multipliers{2002} process[Recruitment].recruitment_multipliers{2003} process[Recruitment].recruitment_multipliers{2004} process[Recruitment].recruitment_multipliers{2005} process[Recruitment].recruitment_multipliers{2006} process[Recruitment].recruitment_multipliers{2007} process[Recruitment].recruitment_multipliers{2008} process[Recruitment].recruitment_multipliers{2009} process[Recruitment].recruitment_multipliers{2010} process[Recruitment].recruitment_multipliers{2011} process[Recruitment].recruitment_multipliers{2012} 
52706.6 9.6061 5.44352 11.6161 10.9063 3.51779 7.05112 6.57335 3.05853 8.04371 1.02704 1.05104 1.06949 1.08053 1.08285 1.07382 1.05133 1.02563 1.00994 0.423064 0.474214 0.515828 0.379063 0.52116 0.439916 0.665933 0.988908 0.749345 0.64362 0.583763 0.481226 0.316727 0.299232 0.218348 0.328061 0.216705 0.324133 0.910999 0.518746 0.429975 0.18533 0.304414 0.257298 0.229264 0.259707 3 3 
covariance_matrix {matrix}
1.64855e+08 -3379.58 413.509 -9702.07 -3939.88 -1408.86 -3244.27 -1991.49 -1384.4 -5926.74 116.433 208.035 255.512 291.687 275.412 220.227 187.114 183.128 114.811 -346.519 -228.856 -299.682 -286.143 -425.875 -345.103 -611.955 -853.793 -598.907 -489.331 -413.429 -326.641 -196.741 -176.326 -124.831 -162.61 -93.5527 -125.976 -174.195 -80.2439 -76.3434 -10.1362 -75.3095 -31.7052 -5.27047 -96.5897 -0.00734627 -0.00338229 
-3379.58 0.795196 0.513395 -1.03774 0.0573749 0.00738289 0.0526175 0.0279577 0.00661241 0.159739 -0.00462971 -0.0076975 -0.0105258 -0.0136712 -0.0147625 -0.0154909 -0.0151667 -0.0148045 -0.012725 0.00750408 0.00588616 0.008096 0.0095887 0.0115673 0.00865174 0.0143912 0.0136748 0.0122389 0.00899548 0.00948678 0.00720093 0.00595864 0.0048158 0.00345983 0.00631305 0.00436033 0.00655279 0.0152856 0.0136854 0.0106808 0.00456196 0.0087958 0.00650898 0.0037695 0.00382964 -4.8817e-07 -1.89003e-08 
413.509 0.513395 0.558932 -0.784002 -0.0383797 -0.0248606 -0.0101609 -0.039419 -0.0302812 0.0137971 -0.000981923 0.00184487 0.00307998 0.00357389 0.00288772 0.0026251 0.00181198 0.00334136 0.00393223 0.00261824 0.00446888 0.00413872 0.00339832 0.00279958 -0.00145363 -0.000451492 -0.00444422 0.0021521 0.000105125 0.00106998 -0.000537047 0.000299826 -0.000816196 0.000173865 0.000321959 0.0019786 -0.00040417 -0.000532346 0.00280797 -0.00230107 -0.00105405 -0.00407077 -0.00627269 -0.00714587 -0.00860544 -9.96726e-08 -6.05413e-08 
-9702.07 -1.03774 -0.784002 7.44416 0.373206 0.146078 0.420669 0.155765 0.104932 0.444191 -0.0161305 -0.0291616 -0.0372507 -0.0390699 -0.0389769 -0.0296386 -0.0229194 -0.0223462 -0.0169161 0.0465402 0.0206056 0.0140633 0.0129839 0.0423733 0.0203854 0.05144 0.0873439 0.055904 0.0571892 0.0452755 0.0412293 0.0233821 0.0225452 0.0179606 0.0226358 0.0146604 0.0211773 0.0552519 0.0187831 0.0203384 0.00462059 0.0120926 0.013977 0.00405262 0.0209974 1.67175e-06 3.02503e-07 
-3939.88 0.0573749 -0.0383797 0.373206 0.931221 0.532078 -0.812047 -0.0125999 -0.0334311 0.235439 -0.00442957 -0.0072334 -0.00971885 -0.0123096 -0.0130768 -0.0129627 -0.0124847 -0.0117672 -0.00940078 0.00745314 0.00258081 0.00279394 0.00596598 0.00870087 0.00659878 0.0126989 0.00812304 0.0132924 0.00966003 0.0100814 0.00798623 0.00678467 0.00529461 0.00622276 0.00816087 0.00488095 0.00759072 0.00301 -0.00192575 0.00502769 0.00302351 0.0036291 0.00348153 0.00156368 0.00357513 -5.17149e-07 1.25048e-07 
-1408.86 0.00738289 -0.0248606 0.146078 0.532078 0.353446 -0.451652 -0.0215362 -0.0281713 0.100048 -0.00200889 -0.00293735 -0.00425541 -0.00566658 -0.00614753 -0.00654753 -0.00603844 -0.0055462 -0.00436322 0.00190409 0.000727971 0.000528279 0.00218184 0.00281447 0.00281138 0.00383237 -0.000199632 0.00563417 0.00337268 0.00409064 0.00287977 0.00247241 0.00154503 0.00279206 0.00310372 0.00105633 0.00322335 -0.00344788 -0.00496809 0.00169452 0.00134713 0.000994613 0.000439309 3.62882e-05 0.000199421 -5.88676e-07 5.50507e-08 
-3244.27 0.0526175 -0.0101609 0.420669 -0.812047 -0.451652 2.39591 0.0733265 0.0664484 0.105548 -0.00408496 -0.00850478 -0.00984889 -0.0126634 -0.0116295 -0.00844794 -0.00929527 -0.00810101 -0.00678213 0.00617815 0.00833804 0.00369544 0.00305676 0.0179599 0.00306852 0.0165255 0.0359815 0.0200955 0.0167137 0.0187734 0.0160173 0.00575612 0.00884779 0.00168911 0.00730644 -0.000450616 0.00648365 0.0226878 0.0128256 0.00482083 0.00162534 0.00593193 0.0106051 0.00175784 0.00502302 1.09103e-06 1.81715e-07 
-1991.49 0.0279577 -0.039419 0.155765 -0.0125999 -0.0215362 0.0733265 1.00618 0.941645 -0.873834 -0.00345005 -0.00469591 -0.00514746 -0.00739467 -0.00853824 -0.00988298 -0.0102595 -0.0102492 -0.00777527 -0.00803815 -0.00237941 -0.00294271 0.00607954 0.00225994 -0.0100058 0.00754583 -0.016229 0.000445373 0.00491854 0.00840567 0.00296903 0.00548868 0.0037015 0.00200059 0.00287344 0.00202902 0.0012495 -0.00393095 0.00995208 0.0119373 0.000374223 0.00867343 0.00262466 -0.00249597 0.00592651 -8.8869e-07 9.908e-09 
-1384.4 0.00661241 -0.0302812 0.104932 -0.0334311 -0.0281713 0.0664484 0.941645 0.984191 -0.777278 -0.00254332 -0.00302924 -0.00257601 -0.00399342 -0.00511041 -0.00590088 -0.00633458 -0.00545573 -0.00352285 -0.00638513 -0.00167307 0.000508336 0.00601917 0.00188218 -0.0110152 0.0107055 -0.0147894 0.00310842 0.00666701 0.00797229 0.000848636 0.00552186 0.00247572 0.000973343 0.00137682 0.00179976 -0.000273541 -0.00501216 0.0104502 0.0102824 -0.00152125 0.00487798 -0.0025229 -0.00574564 0.00365922 -7.23226e-07 -3.06796e-08 
-5926.74 0.159739 0.0137971 0.444191 0.235439 0.100048 0.105548 -0.873834 -0.777278 2.1775 -0.00488782 -0.0118202 -0.0159437 -0.0199605 -0.0191083 -0.014422 -0.0144755 -0.0141289 -0.0134402 0.0255803 0.0129529 0.0147728 0.00324988 0.0221254 0.0234029 0.0260237 0.0628897 0.0332271 0.0253953 0.0180722 0.0185061 0.00872378 0.0088814 0.00688577 0.0106651 0.00566435 0.0113936 0.0326011 0.00931984 0.00553733 0.00510459 0.00431366 0.00658362 0.00677693 0.00537232 1.36787e-06 2.99464e-07 
116.433 -0.00462971 -0.000981923 -0.0161305 -0.00442957 -0.00200889 -0.00408496 -0.00345005 -0.00254332 -0.00488782 0.00501866 0.00452883 0.00388806 0.00349199 0.00317166 0.00291471 0.00254996 0.0024259 0.00211995 -0.000181036 0.000885062 0.000559907 0.000537652 0.000381615 0.000520196 0.000689195 0.000958897 0.000874548 0.000633115 0.000471862 0.000351324 0.00025203 0.00024393 0.000146591 0.0002106 0.000153979 0.000167665 0.000778856 0.000330533 0.000189683 5.95867e-05 7.33156e-05 -0.000187277 -0.000159621 -0.000115922 -3.71802e-08 2.47782e-09 
208.035 -0.0076975 0.00184487 -0.0291616 -0.0072334 -0.00293735 -0.00850478 -0.00469591 -0.00302924 -0.0118202 0.00452883 0.00962011 0.00841564 0.00737403 0.00645113 0.00569777 0.00522385 0.00477433 0.00430623 -0.000402106 0.00153286 0.00106169 0.000694778 0.000806089 0.000662132 0.00113178 0.00192303 0.00135963 0.00108515 0.000865415 0.000718643 0.000396851 0.000534937 0.00034568 0.000316009 0.000137072 0.000243317 0.00134459 0.000241785 0.000170378 -0.000103698 -0.000180173 -0.000291551 -0.00036436 -0.000583351 -1.08635e-07 -1.38476e-08 
255.512 -0.0105258 0.00307998 -0.0372507 -0.00971885 -0.00425541 -0.00984889 -0.00514746 -0.00257601 -0.0159437 0.00388806 0.00841564 0.0136453 0.0117073 0.0100861 0.0088447 0.00813219 0.00741499 0.00695928 -0.000626872 0.00206871 0.00205017 0.000972982 0.00144868 0.00115851 0.00194944 0.00310397 0.00230064 0.00179071 0.00153586 0.00121826 0.000666073 0.000943533 0.000513944 0.000768297 0.000291885 0.000506621 0.00228578 0.00057526 0.000342728 4.71012e-05 -0.00027507 -0.000160641 -0.000556643 -0.000966873 -1.11419e-07 -2.29707e-08 
291.687 -0.0136712 0.00357389 -0.0390699 -0.0123096 -0.00566658 -0.0126634 -0.00739467 -0.00399342 -0.0199605 0.00349199 0.00737403 0.0117073 0.0162288 0.0141012 0.0121125 0.0105013 0.00991459 0.00919413 -0.000638333 0.00287085 0.00258796 0.00152569 0.00207109 0.00158433 0.0025193 0.00420412 0.00306983 0.00265976 0.00209016 0.00161604 0.000976881 0.00113367 0.000862945 0.000974804 0.00073373 0.000724394 0.00283977 0.00103714 0.000547164 4.00444e-05 -7.5968e-05 -0.000441189 -0.000681277 -0.000915495 -2.53799e-07 -6.30528e-11 
275.412 -0.0147625 0.00288772 -0.0389769 -0.0130768 -0.00614753 -0.0116295 -0.00853824 -0.00511041 -0.0191083 0.00317166 0.00645113 0.0100861 0.0141012 0.0178971 0.015554 0.0136484 0.0124142 0.0115065 -0.000834153 0.00346688 0.00298044 0.00184148 0.00289129 0.00191956 0.00322939 0.00526745 0.00386064 0.00311751 0.0027773 0.00218365 0.00130744 0.00148903 0.000985511 0.00136774 0.000727412 0.00108487 0.00378108 0.00145436 0.000866995 7.94209e-05 9.38642e-05 -5.00535e-05 -0.000347585 -0.000927042 -1.23283e-07 -2.43742e-08 
220.227 -0.0154909 0.0026251 -0.0296386 -0.0129627 -0.00654753 -0.00844794 -0.00988298 -0.00590088 -0.014422 0.00291471 0.00569777 0.0088447 0.0121125 0.015554 0.0192841 0.016464 0.0151071 0.0141681 -0.00166251 0.00470308 0.00314982 0.00205358 0.00356725 0.00236696 0.00423144 0.00666862 0.00488237 0.00373607 0.00354482 0.0028952 0.00172972 0.00191503 0.00121809 0.00174124 0.000850065 0.00137718 0.00467154 0.0020238 0.00112729 0.000341244 0.000210873 0.00053866 -0.000102031 -0.000508033 -1.52806e-07 -8.22425e-09 
187.114 -0.0151667 0.00181198 -0.0229194 -0.0124847 -0.00603844 -0.00929527 -0.0102595 -0.00633458 -0.0144755 0.00254996 0.00522385 0.00813219 0.0105013 0.0136484 0.016464 0.0206645 0.0182666 0.0170277 -0.00270713 0.00510456 0.00324409 0.00232108 0.00362113 0.00281327 0.00445057 0.00734236 0.00530735 0.0041801 0.00384022 0.00319694 0.00196795 0.00195966 0.0012936 0.00165069 0.000865083 0.001378 0.00490295 0.00212713 0.00124101 0.000154777 0.000343672 0.0001233 -9.05654e-05 -0.000799386 -3.51927e-07 -4.90692e-08 
183.128 -0.0148045 0.00334136 -0.0223462 -0.0117672 -0.0055462 -0.00810101 -0.0102492 -0.00545573 -0.0141289 0.0024259 0.00477433 0.00741499 0.00991459 0.0124142 0.0151071 0.0182666 0.0222583 0.020788 -0.00482112 0.00614372 0.00327834 0.00235458 0.00384874 0.00297007 0.00486306 0.0077964 0.00580024 0.00468241 0.004275 0.00350925 0.00211876 0.00200303 0.00135672 0.00192549 0.00108273 0.00152683 0.00535352 0.00233038 0.00152094 0.000387042 0.000386114 0.000169936 -0.000316999 -0.00128222 -2.68835e-07 -6.33552e-09 
114.811 -0.012725 0.00393223 -0.0169161 -0.00940078 -0.00436322 -0.00678213 -0.00777527 -0.00352285 -0.0134402 0.00211995 0.00430623 0.00695928 0.00919413 0.0115065 0.0141681 0.0170277 0.020788 0.0250737 -0.00637035 0.00619016 0.00356328 0.00239707 0.00419305 0.00304787 0.00484545 0.0079312 0.00587826 0.00487998 0.00450424 0.00367888 0.00219517 0.00212963 0.00139693 0.0021024 0.00120647 0.00164184 0.00544738 0.00244143 0.00163645 0.00050693 0.000571383 0.000468269 -0.000199725 -0.000622458 -1.9851e-07 -9.7595e-09 
-346.519 0.00750408 0.00261824 0.0465402 0.00745314 0.00190409 0.00617815 -0.00803815 -0.00638513 0.0255803 -0.000181036 -0.000402106 -0.000626872 -0.000638333 -0.000834153 -0.00166251 -0.00270713 -0.00482112 -0.00637035 0.0748119 -0.0356376 0.0135619 0.00112544 0.00377937 0.00339211 0.0046276 0.00736416 0.00549238 0.004252 0.00409572 0.00319693 0.00196878 0.00209222 0.00113388 0.00232611 0.000876161 0.00192753 0.00550868 0.00254946 0.00209767 0.00060156 0.00134791 0.000809992 0.000807352 0.00106017 -5.28559e-08 -5.86702e-08 
-228.856 0.00588616 0.00446888 0.0206056 0.00258081 0.000727971 0.00833804 -0.00237941 -0.00167307 0.0129529 0.000885062 0.00153286 0.00206871 0.00287085 0.00346688 0.00470308 0.00510456 0.00614372 0.00619016 -0.0356376 0.0636247 -0.021411 0.00577886 0.00218685 0.00291181 0.00328788 0.00600596 0.00434743 0.00322922 0.00313827 0.00260303 0.00165872 0.00150506 0.00110635 0.00149467 0.0010321 0.0015478 0.003615 0.00260075 0.00118298 0.000686138 0.0010908 0.000927938 0.000779391 0.0005713 -8.61607e-08 1.2302e-08 
-299.682 0.008096 0.00413872 0.0140633 0.00279394 0.000528279 0.00369544 -0.00294271 0.000508336 0.0147728 0.000559907 0.00106169 0.00205017 0.00258796 0.00298044 0.00314982 0.00324409 0.00327834 0.00356328 0.0135619 -0.021411 0.0405116 -0.00861401 0.00464114 0.00277302 0.0052729 0.00690282 0.00500937 0.00466362 0.00345849 0.00309227 0.00195786 0.00176562 0.0013386 0.00182427 0.00121353 0.00172451 0.00514322 0.00221649 0.00213415 0.000511144 0.00117804 0.000394655 1.48477e-05 -6.6571e-05 -1.16668e-07 1.29424e-09 
-286.143 0.0095887 0.00339832 0.0129839 0.00596598 0.00218184 0.00305676 0.00607954 0.00601917 0.00324988 0.000537652 0.000694778 0.000972982 0.00152569 0.00184148 0.00205358 0.00232108 0.00235458 0.00239707 0.00112544 0.00577886 -0.00861401 0.0232441 -0.00555484 0.00316455 0.00303569 0.00509075 0.00339714 0.00317736 0.00253881 0.00223448 0.00124526 0.00138986 0.000961187 0.00120931 0.000795406 0.00124955 0.00343964 0.00131058 0.00122972 0.000284688 0.00106407 0.00059808 0.000284005 0.000863555 -6.4186e-08 2.22839e-09 
-425.875 0.0115673 0.00279958 0.0423733 0.00870087 0.00281447 0.0179599 0.00225994 0.00188218 0.0221254 0.000381615 0.000806089 0.00144868 0.00207109 0.00289129 0.00356725 0.00362113 0.00384874 0.00419305 0.00377937 0.00218685 0.00464114 -0.00555484 0.0287426 -0.00564955 0.00586265 0.007994 0.00566857 0.0043847 0.00460827 0.00363431 0.00219026 0.00227695 0.00135412 0.00250837 0.000943098 0.00249309 0.00537004 0.00299159 0.00236723 0.000645892 0.00180896 0.00139508 0.00110441 0.0003408 -2.29269e-07 -1.45404e-08 
-345.103 0.00865174 -0.00145363 0.0203854 0.00659878 0.00281138 0.00306852 -0.0100058 -0.0110152 0.0234029 0.000520196 0.000662132 0.00115851 0.00158433 0.00191956 0.00236696 0.00281327 0.00297007 0.00304787 0.00339211 0.00291181 0.00277302 0.00316455 -0.00564955 0.0240747 -0.00511304 0.00844292 0.00414169 0.00380505 0.00319613 0.00286806 0.00172293 0.00163919 0.00125009 0.0013015 0.00109742 0.0012104 0.00445176 0.00208414 0.00165854 0.000882772 0.00105968 0.00121359 0.000450732 0.00096961 5.48914e-08 1.17652e-08 
-611.955 0.0143912 -0.000451492 0.05144 0.0126989 0.00383237 0.0165255 0.00754583 0.0107055 0.0260237 0.000689195 0.00113178 0.00194944 0.0025193 0.00322939 0.00423144 0.00445057 0.00486306 0.00484545 0.0046276 0.00328788 0.0052729 0.00303569 0.00586265 -0.00511304 0.0377063 -0.00140799 0.0100805 0.00668498 0.00569433 0.00490792 0.00328888 0.00293109 0.00218844 0.0026733 0.00156693 0.00266792 0.00680733 0.00405294 0.00369798 0.000981122 0.00224235 0.00145824 0.00120903 0.00128051 -9.81849e-08 -1.29593e-08 
-853.793 0.0136748 -0.00444422 0.0873439 0.00812304 -0.000199632 0.0359815 -0.016229 -0.0147894 0.0628897 0.000958897 0.00192303 0.00310397 0.00420412 0.00526745 0.00666862 0.00734236 0.0077964 0.0079312 0.00736416 0.00600596 0.00690282 0.00509075 0.007994 0.00844292 -0.00140799 0.050221 0.00108335 0.011883 0.00851456 0.00755168 0.00463282 0.0045615 0.00312996 0.0040785 0.00249779 0.00382387 0.0105497 0.00547767 0.00408905 0.00143482 0.00316741 0.00266612 0.00169667 0.00201135 1.96715e-08 -1.15476e-08 
-598.907 0.0122389 0.0021521 0.055904 0.0132924 0.00563417 0.0200955 0.000445373 0.00310842 0.0332271 0.000874548 0.00135963 0.00230064 0.00306983 0.00386064 0.00488237 0.00530735 0.00580024 0.00587826 0.00549238 0.00434743 0.00500937 0.00339714 0.00566857 0.00414169 0.0100805 0.00108335 0.0350672 -0.00099875 0.00795093 0.00564886 0.00342398 0.00357565 0.00225828 0.00312812 0.00180859 0.00286126 0.00820549 0.00398198 0.0028055 0.00119024 0.00242145 0.00175264 0.00105378 0.00091311 -3.03954e-10 2.51407e-10 
-489.331 0.00899548 0.000105125 0.0571892 0.00966003 0.00337268 0.0167137 0.00491854 0.00666701 0.0253953 0.000633115 0.00108515 0.00179071 0.00265976 0.00311751 0.00373607 0.0041801 0.00468241 0.00487998 0.004252 0.00322922 0.00466362 0.00317736 0.0043847 0.00380505 0.00668498 0.011883 -0.00099875 0.0254997 -0.000208332 0.00531638 0.00293921 0.00291355 0.00216866 0.00250297 0.00157848 0.00257982 0.00672475 0.00339999 0.00318875 0.000748717 0.00205806 0.00115977 0.000927582 0.00113385 -1.21381e-07 -1.25528e-08 
-413.429 0.00948678 0.00106998 0.0452755 0.0100814 0.00409064 0.0187734 0.00840567 0.00797229 0.0180722 0.000471862 0.000865415 0.00153586 0.00209016 0.0027773 0.00354482 0.00384022 0.004275 0.00450424 0.00409572 0.00313827 0.00345849 0.00253881 0.00460827 0.00319613 0.00569433 0.00851456 0.00795093 -0.000208332 0.0194955 0.000896447 0.00292142 0.0026591 0.00177611 0.00286502 0.00132288 0.00231148 0.00658796 0.00339835 0.00256007 0.000949663 0.00180353 0.0015281 0.000865907 0.000784639 -1.12794e-07 4.92136e-09 
-326.641 0.00720093 -0.000537047 0.0412293 0.00798623 0.00287977 0.0160173 0.00296903 0.000848636 0.0185061 0.000351324 0.000718643 0.00121826 0.00161604 0.00218365 0.0028952 0.00319694 0.00350925 0.00367888 0.00319693 0.00260303 0.00309227 0.00223448 0.00363431 0.00286806 0.00490792 0.00755168 0.00564886 0.00531638 0.000896447 0.0139293 -0.000111103 0.00239055 0.00146897 0.00214982 0.00125975 0.00195684 0.00542832 0.00295187 0.00224935 0.00094085 0.00179191 0.00143732 0.000938784 0.000864333 -7.40835e-08 -1.91489e-09 
-196.741 0.00595864 0.000299826 0.0233821 0.00678467 0.00247241 0.00575612 0.00548868 0.00552186 0.00872378 0.00025203 0.000396851 0.000666073 0.000976881 0.00130744 0.00172972 0.00196795 0.00211876 0.00219517 0.00196878 0.00165872 0.00195786 0.00124526 0.00219026 0.00172293 0.00328888 0.00463282 0.00342398 0.00293921 0.00292142 -0.000111103 0.00888214 -0.000543906 0.00113078 0.00119155 0.000850327 0.00128521 0.00339065 0.00205542 0.00179985 0.000657858 0.00116119 0.00101176 0.000619897 0.000499242 -2.02914e-08 -5.37114e-09 
-176.326 0.0048158 -0.000816196 0.0225452 0.00529461 0.00154503 0.00884779 0.0037015 0.00247572 0.0088814 0.00024393 0.000534937 0.000943533 0.00113367 0.00148903 0.00191503 0.00195966 0.00200303 0.00212963 0.00209222 0.00150506 0.00176562 0.00138986 0.00227695 0.00163919 0.00293109 0.0045615 0.00357565 0.00291355 0.0026591 0.00239055 -0.000543906 0.00810105 -0.000887477 0.00169579 0.000572086 0.00122102 0.00374789 0.00171096 0.00151546 0.000582487 0.00113363 0.00101144 0.000476789 0.000302657 -3.38444e-08 2.22171e-10 
-124.831 0.00345983 0.000173865 0.0179606 0.00622276 0.00279206 0.00168911 0.00200059 0.000973343 0.00688577 0.000146591 0.00034568 0.000513944 0.000862945 0.000985511 0.00121809 0.0012936 0.00135672 0.00139693 0.00113388 0.00110635 0.0013386 0.000961187 0.00135412 0.00125009 0.00218844 0.00312996 0.00225828 0.00216866 0.00177611 0.00146897 0.00113078 -0.000887477 0.00699262 -0.00144773 0.001058 0.000880952 0.00232533 0.00131599 0.00112718 0.000289736 0.000831292 0.000554196 0.000496956 0.00029648 -6.31155e-09 -2.62069e-09 
-162.61 0.00631305 0.000321959 0.0226358 0.00816087 0.00310372 0.00730644 0.00287344 0.00137682 0.0106651 0.0002106 0.000316009 0.000768297 0.000974804 0.00136774 0.00174124 0.00165069 0.00192549 0.0021024 0.00232611 0.00149467 0.00182427 0.00120931 0.00250837 0.0013015 0.0026733 0.0040785 0.00312812 0.00250297 0.00286502 0.00214982 0.00119155 0.00169579 -0.00144773 0.0108618 -0.00171541 0.00197645 0.00486684 0.00215238 0.001951 0.000854048 0.0010545 0.00127259 0.000570889 0.000447386 -1.09369e-07 1.78176e-08 
-93.5527 0.00436033 0.0019786 0.0146604 0.00488095 0.00105633 -0.000450616 0.00202902 0.00179976 0.00566435 0.000153979 0.000137072 0.000291885 0.00073373 0.000727412 0.000850065 0.000865083 0.00108273 0.00120647 0.000876161 0.0010321 0.00121353 0.000795406 0.000943098 0.00109742 0.00156693 0.00249779 0.00180859 0.00157848 0.00132288 0.00125975 0.000850327 0.000572086 0.001058 -0.00171541 0.00832005 -0.00188409 0.0031906 0.00166458 0.00111051 0.000391094 0.00102584 0.000337765 0.000501098 0.000270634 -8.05943e-08 -9.9207e-11 
-125.976 0.00655279 -0.00040417 0.0211773 0.00759072 0.00322335 0.00648365 0.0012495 -0.000273541 0.0113936 0.000167665 0.000243317 0.000506621 0.000724394 0.00108487 0.00137718 0.001378 0.00152683 0.00164184 0.00192753 0.0015478 0.00172451 0.00124955 0.00249309 0.0012104 0.00266792 0.00382387 0.00286126 0.00257982 0.00231148 0.00195684 0.00128521 0.00122102 0.000880952 0.00197645 -0.00188409 0.0135746 -0.000103339 0.00327405 0.00218212 0.000934876 0.00124313 0.00165811 0.000887111 0.000636081 -6.09889e-08 1.37221e-08 
-174.195 0.0152856 -0.000532346 0.0552519 0.00301 -0.00344788 0.0226878 -0.00393095 -0.00501216 0.0326011 0.000778856 0.00134459 0.00228578 0.00283977 0.00378108 0.00467154 0.00490295 0.00535352 0.00544738 0.00550868 0.003615 0.00514322 0.00343964 0.00537004 0.00445176 0.00680733 0.0105497 0.00820549 0.00672475 0.00658796 0.00542832 0.00339065 0.00374789 0.00232533 0.00486684 0.0031906 -0.000103339 0.0426609 0.0019335 0.0078267 0.00277177 0.00510001 0.00381303 0.0026322 0.00166284 -2.61841e-07 -1.41963e-09 
-80.2439 0.0136854 0.00280797 0.0187831 -0.00192575 -0.00496809 0.0128256 0.00995208 0.0104502 0.00931984 0.000330533 0.000241785 0.00057526 0.00103714 0.00145436 0.0020238 0.00212713 0.00233038 0.00244143 0.00254946 0.00260075 0.00221649 0.00131058 0.00299159 0.00208414 0.00405294 0.00547767 0.00398198 0.00339999 0.00339835 0.00295187 0.00205542 0.00171096 0.00131599 0.00215238 0.00166458 0.00327405 0.0019335 0.0256891 -0.000324901 0.00238365 0.00279959 0.00278217 0.00184102 0.000871307 -7.31862e-08 1.19478e-08 
-76.3434 0.0106808 -0.00230107 0.0203384 0.00502769 0.00169452 0.00482083 0.0119373 0.0102824 0.00553733 0.000189683 0.000170378 0.000342728 0.000547164 0.000866995 0.00112729 0.00124101 0.00152094 0.00163645 0.00209767 0.00118298 0.00213415 0.00122972 0.00236723 0.00165854 0.00369798 0.00408905 0.0028055 0.00318875 0.00256007 0.00224935 0.00179985 0.00151546 0.00112718 0.001951 0.00111051 0.00218212 0.0078267 -0.000324901 0.021111 -0.000690793 0.00311673 0.00262756 0.00176644 0.00142247 -1.50259e-07 -1.11665e-09 
-10.1362 0.00456196 -0.00105405 0.00462059 0.00302351 0.00134713 0.00162534 0.000374223 -0.00152125 0.00510459 5.95867e-05 -0.000103698 4.71012e-05 4.00444e-05 7.94209e-05 0.000341244 0.000154777 0.000387042 0.00050693 0.00060156 0.000686138 0.000511144 0.000284688 0.000645892 0.000882772 0.000981122 0.00143482 0.00119024 0.000748717 0.000949663 0.00094085 0.000657858 0.000582487 0.000289736 0.000854048 0.000391094 0.000934876 0.00277177 0.00238365 -0.000690793 0.00822384 -0.000136482 0.00135705 0.000794116 0.000212134 -6.42431e-08 1.12683e-08 
-75.3095 0.0087958 -0.00407077 0.0120926 0.0036291 0.000994613 0.00593193 0.00867343 0.00487798 0.00431366 7.33156e-05 -0.000180173 -0.00027507 -7.5968e-05 9.38642e-05 0.000210873 0.000343672 0.000386114 0.000571383 0.00134791 0.0010908 0.00117804 0.00106407 0.00180896 0.00105968 0.00224235 0.00316741 0.00242145 0.00205806 0.00180353 0.00179191 0.00116119 0.00113363 0.000831292 0.0010545 0.00102584 0.00124313 0.00510001 0.00279959 0.00311673 -0.000136482 0.0152354 0.000539278 0.00180356 0.00125165 -8.68347e-08 4.38005e-09 
-31.7052 0.00650898 -0.00627269 0.013977 0.00348153 0.000439309 0.0106051 0.00262466 -0.0025229 0.00658362 -0.000187277 -0.000291551 -0.000160641 -0.000441189 -5.00535e-05 0.00053866 0.0001233 0.000169936 0.000468269 0.000809992 0.000927938 0.000394655 0.00059808 0.00139508 0.00121359 0.00145824 0.00266612 0.00175264 0.00115977 0.0015281 0.00143732 0.00101176 0.00101144 0.000554196 0.00127259 0.000337765 0.00165811 0.00381303 0.00278217 0.00262756 0.00135705 0.000539278 0.0182365 0.000859308 0.000764317 -7.30542e-08 1.93291e-08 
-5.27047 0.0037695 -0.00714587 0.00405262 0.00156368 3.62882e-05 0.00175784 -0.00249597 -0.00574564 0.00677693 -0.000159621 -0.00036436 -0.000556643 -0.000681277 -0.000347585 -0.000102031 -9.05654e-05 -0.000316999 -0.000199725 0.000807352 0.000779391 1.48477e-05 0.000284005 0.00110441 0.000450732 0.00120903 0.00169667 0.00105378 0.000927582 0.000865907 0.000938784 0.000619897 0.000476789 0.000496956 0.000570889 0.000501098 0.000887111 0.0026322 0.00184102 0.00176644 0.000794116 0.00180356 0.000859308 0.0201906 0.000659754 -2.08101e-08 1.37615e-08 
-96.5897 0.00382964 -0.00860544 0.0209974 0.00357513 0.000199421 0.00502302 0.00592651 0.00365922 0.00537232 -0.000115922 -0.000583351 -0.000966873 -0.000915495 -0.000927042 -0.000508033 -0.000799386 -0.00128222 -0.000622458 0.00106017 0.0005713 -6.6571e-05 0.000863555 0.0003408 0.00096961 0.00128051 0.00201135 0.00091311 0.00113385 0.000784639 0.000864333 0.000499242 0.000302657 0.00029648 0.000447386 0.000270634 0.000636081 0.00166284 0.000871307 0.00142247 0.000212134 0.00125165 0.000764317 0.000659754 0.0384305 -1.83241e-09 -7.20927e-09 
-0.00734627 -4.8817e-07 -9.96726e-08 1.67175e-06 -5.17149e-07 -5.88676e-07 1.09103e-06 -8.8869e-07 -7.23226e-07 1.36787e-06 -3.71802e-08 -1.08635e-07 -1.11419e-07 -2.53799e-07 -1.23283e-07 -1.52806e-07 -3.51927e-07 -2.68835e-07 -1.9851e-07 -5.28559e-08 -8.61607e-08 -1.16668e-07 -6.4186e-08 -2.29269e-07 5.48914e-08 -9.81849e-08 1.96715e-08 -3.03954e-10 -1.21381e-07 -1.12794e-07 -7.40835e-08 -2.02914e-08 -3.38444e-08 -6.31155e-09 -1.09369e-07 -8.05943e-08 -6.09889e-08 -2.61841e-07 -7.31862e-08 -1.50259e-07 -6.42431e-08 -8.68347e-08 -7.30542e-08 -2.08101e-08 -1.83241e-09 1.59882e-08 7.77619e-12 
-0.00338229 -1.89003e-08 -6.05413e-08 3.02503e-07 1.25048e-07 5.50507e-08 1.81715e-07 9.908e-09 -3.06796e-08 2.99464e-07 2.47782e-09 -1.38476e-08 -2.29707e-08 -6.30528e-11 -2.43742e-08 -8.22425e-09 -4.90692e-08 -6.33552e-09 -9.7595e-09 -5.86702e-08 1.2302e-08 1.29424e-09 2.22839e-09 -1.45404e-08 1.17652e-08 -1.29593e-08 -1.15476e-08 2.51407e-10 -1.25528e-08 4.92136e-09 -1.91489e-09 -5.37114e-09 2.22171e-10 -2.62069e-09 1.78176e-08 -9.9207e-11 1.37221e-08 -1.41963e-09 1.19478e-08 -1.11665e-09 1.12683e-08 4.38005e-09 1.93291e-08 1.37615e-08 -7.20927e-09 7.77619e-12 1.45249e-08 
{end_list}
*end
