Environment: User=Casal2
Call: ../../BuildSystem/Casal2/casal2 -p -i free.dat -o profile.dat
Date: Fri Sep  9 14:57:36 2022
Seed: 92255
Version: v22.09 (2022-09-09)
Copyright (c) 2017-2022, NIWA (www.niwa.co.nz)
niwauser
 Machine=localhost.localdomain (Linux 3.10.0-1160.76.1.el7.x86_64 x86_64)
 PID=46504


*initialisation_partition[Equilibrium_state]
values {dataframe_with_row_labels}
category 1 2 3 4 5 6 7 8 9 10 11 12 13 14 15 16 17 18 19 20 21 22 23 24 25 26 27 28 29 30
HAK4 0.000000 8139362.749286 6663946.593298 5455978.012802 4466976.987199 3657251.432711 2994304.219699 2451528.948739 2007142.142393 1643308.997776 1345427.613289 1101542.963040 901867.099678 738386.329695 604539.595774 494955.158513 405235.009670 331778.364640 271637.150337 222397.688659 182083.827119 149077.628900 122054.439377 99929.723067 81815.537422 66984.896567 54842.594811 44901.318950 36762.090678 166041.701485
*end

*estimate_value[summary]
values {dataframe}
selectivity[chatTANSel].mu selectivity[chatTANSel].sigma_l selectivity[chatTANSel].sigma_r selectivity[eastFSel].mu selectivity[eastFSel].sigma_l selectivity[eastFSel].sigma_r selectivity[westFSel].mu selectivity[westFSel].sigma_l selectivity[westFSel].sigma_r process[Recruitment].recruitment_multipliers{1976} process[Recruitment].recruitment_multipliers{1977} process[Recruitment].recruitment_multipliers{1978} process[Recruitment].recruitment_multipliers{1979} process[Recruitment].recruitment_multipliers{1980} process[Recruitment].recruitment_multipliers{1981} process[Recruitment].recruitment_multipliers{1982} process[Recruitment].recruitment_multipliers{1983} process[Recruitment].recruitment_multipliers{1984} process[Recruitment].recruitment_multipliers{1985} process[Recruitment].recruitment_multipliers{1986} process[Recruitment].recruitment_multipliers{1987} process[Recruitment].recruitment_multipliers{1988} process[Recruitment].recruitment_multipliers{1989} process[Recruitment].recruitment_multipliers{1990} process[Recruitment].recruitment_multipliers{1991} process[Recruitment].recruitment_multipliers{1992} process[Recruitment].recruitment_multipliers{1993} process[Recruitment].recruitment_multipliers{1994} process[Recruitment].recruitment_multipliers{1995} process[Recruitment].recruitment_multipliers{1996} process[Recruitment].recruitment_multipliers{1997} process[Recruitment].recruitment_multipliers{1998} process[Recruitment].recruitment_multipliers{1999} process[Recruitment].recruitment_multipliers{2000} process[Recruitment].recruitment_multipliers{2001} process[Recruitment].recruitment_multipliers{2002} process[Recruitment].recruitment_multipliers{2003} process[Recruitment].recruitment_multipliers{2004} process[Recruitment].recruitment_multipliers{2005} process[Recruitment].recruitment_multipliers{2006} process[Recruitment].recruitment_multipliers{2007} process[Recruitment].recruitment_multipliers{2008} process[Recruitment].recruitment_multipliers{2009} process[Recruitment].recruitment_multipliers{2010} process[Recruitment].recruitment_multipliers{2011} process[Recruitment].recruitment_multipliers{2012} process[Recruitment].b0
9.10556 5.50032 10.6259 10.3523 3.3087 6.79897 6.18807 2.76743 7.4696 1.04136 1.07686 1.10324 1.11819 1.12035 1.10764 1.0792 1.04754 1.02835 0.383746 0.448946 0.475166 0.344982 0.469417 0.396218 0.591657 0.885955 0.675409 0.58179 0.532418 0.442358 0.293238 0.277942 0.204437 0.306126 0.204844 0.307755 0.881426 0.506174 0.415679 0.180922 0.293476 0.249872 0.224398 0.258848 3 3 100000
*end

*objective_function[objective]
values {vector}
observation->chatTANbiomass->1992 -0.777357
observation->chatTANbiomass->1993 -1.35396
observation->chatTANbiomass->1994 -1.11347
observation->chatTANbiomass->1995 -0.831116
observation->chatTANbiomass->1996 -1.44676
observation->chatTANbiomass->1997 -1.14152
observation->chatTANbiomass->1998 -0.980975
observation->chatTANbiomass->1999 -1.44737
observation->chatTANbiomass->2000 -1.52849
observation->chatTANbiomass->2001 -1.1044
observation->chatTANbiomass->2002 -1.23526
observation->chatTANbiomass->2003 1.90027
observation->chatTANbiomass->2004 -1.3521
observation->chatTANbiomass->2005 -0.520529
observation->chatTANbiomass->2006 -1.28289
observation->chatTANbiomass->2007 -1.09058
observation->chatTANbiomass->2008 -1.16186
observation->chatTANbiomass->2009 0.288553
observation->chatTANbiomass->2010 -1.03513
observation->chatTANbiomass->2011 -0.742557
observation->chatTANbiomass->2012 -1.24058
observation->chatTANage->1990 17.5409
observation->chatTANage->1992 21.6231
observation->chatTANage->1993 20.9996
observation->chatTANage->1994 21.6542
observation->chatTANage->1995 16.4303
observation->chatTANage->1996 13.9906
observation->chatTANage->1997 15.3054
observation->chatTANage->1998 13.937
observation->chatTANage->1999 14.8571
observation->chatTANage->2000 20.0193
observation->chatTANage->2001 16.2952
observation->chatTANage->2002 16.7448
observation->chatTANage->2003 10.6399
observation->chatTANage->2004 15.278
observation->chatTANage->2005 13.0236
observation->chatTANage->2006 13.1321
observation->chatTANage->2007 13.7863
observation->chatTANage->2008 13.2773
observation->chatTANage->2009 15.9534
observation->chatTANage->2010 12.0977
observation->chatTANage->2011 12.2807
observation->chatTANage->2012 11.9521
observation->chatOBSwst->1992 17.448
observation->chatOBSwst->1994 9.68516
observation->chatOBSwst->1995 9.94302
observation->chatOBSwst->1996 8.23207
observation->chatOBSwst->1997 7.03017
observation->chatOBSwst->1998 21.4851
observation->chatOBSwst->1999 16.4749
observation->chatOBSwst->2000 17.5936
observation->chatOBSwst->2001 16.7675
observation->chatOBSwst->2002 13.9112
observation->chatOBSwst->2003 11.717
observation->chatOBSwst->2004 14.2715
observation->chatOBSwst->2005 17.3191
observation->chatOBSwst->2006 7.59558
observation->chatOBSwst->2008 10.7104
observation->chatOBSwst->2009 8.91821
observation->chatOBSwst->2010 9.34606
observation->chatOBSwst->2011 9.15548
observation->chatOBSest->1992 14.8872
observation->chatOBSest->1995 15.7325
observation->chatOBSest->1997 15.5796
observation->chatOBSest->1998 17.241
observation->chatOBSest->2001 21.3996
observation->chatOBSest->2004 20.7793
observation->chatOBSest->2007 21.4991
penalty->CatchMustBeTaken1 0
prior->B0->process[Recruitment].b0 11.5129
prior->TANSel_mu->selectivity[chatTANSel].mu 0.611131
prior->TANSel_sl->selectivity[chatTANSel].sigma_l 4.04942e-05
prior->TANSel_sr->selectivity[chatTANSel].sigma_r 7.83578e-07
prior->eastFSel_mu->selectivity[eastFSel].mu 0
prior->eastFSel_sl->selectivity[eastFSel].sigma_l 0
prior->eastFSel_sr->selectivity[eastFSel].sigma_r 0
prior->westFSel_mu->selectivity[westFSel].mu 0
prior->westFSel_sl->selectivity[westFSel].sigma_l 0
prior->westFSel_sr->selectivity[westFSel].sigma_r 0
prior->YCS->process[Recruitment].recruitment_multipliers{1976} 0.160947
prior->YCS->process[Recruitment].recruitment_multipliers{1977} 0.213652
prior->YCS->process[Recruitment].recruitment_multipliers{1978} 0.252595
prior->YCS->process[Recruitment].recruitment_multipliers{1979} 0.274562
prior->YCS->process[Recruitment].recruitment_multipliers{1980} 0.277722
prior->YCS->process[Recruitment].recruitment_multipliers{1981} 0.259059
prior->YCS->process[Recruitment].recruitment_multipliers{1982} 0.217124
prior->YCS->process[Recruitment].recruitment_multipliers{1983} 0.170152
prior->YCS->process[Recruitment].recruitment_multipliers{1984} 0.14155
prior->YCS->process[Recruitment].recruitment_multipliers{1985} -0.759139
prior->YCS->process[Recruitment].recruitment_multipliers{1986} -0.697759
prior->YCS->process[Recruitment].recruitment_multipliers{1987} -0.667909
prior->YCS->process[Recruitment].recruitment_multipliers{1988} -0.783105
prior->YCS->process[Recruitment].recruitment_multipliers{1989} -0.674654
prior->YCS->process[Recruitment].recruitment_multipliers{1990} -0.749148
prior->YCS->process[Recruitment].recruitment_multipliers{1991} -0.514444
prior->YCS->process[Recruitment].recruitment_multipliers{1992} -0.0732645
prior->YCS->process[Recruitment].recruitment_multipliers{1993} -0.392426
prior->YCS->process[Recruitment].recruitment_multipliers{1994} -0.528362
prior->YCS->process[Recruitment].recruitment_multipliers{1995} -0.595851
prior->YCS->process[Recruitment].recruitment_multipliers{1996} -0.704867
prior->YCS->process[Recruitment].recruitment_multipliers{1997} -0.792116
prior->YCS->process[Recruitment].recruitment_multipliers{1998} -0.787788
prior->YCS->process[Recruitment].recruitment_multipliers{1999} -0.693112
prior->YCS->process[Recruitment].recruitment_multipliers{2000} -0.792972
prior->YCS->process[Recruitment].recruitment_multipliers{2001} -0.694108
prior->YCS->process[Recruitment].recruitment_multipliers{2002} -0.792916
prior->YCS->process[Recruitment].recruitment_multipliers{2003} -0.0801529
prior->YCS->process[Recruitment].recruitment_multipliers{2004} -0.629884
prior->YCS->process[Recruitment].recruitment_multipliers{2005} -0.731753
prior->YCS->process[Recruitment].recruitment_multipliers{2006} -0.622367
prior->YCS->process[Recruitment].recruitment_multipliers{2007} -0.792154
prior->YCS->process[Recruitment].recruitment_multipliers{2008} -0.768443
prior->YCS->process[Recruitment].recruitment_multipliers{2009} -0.734397
prior->YCS->process[Recruitment].recruitment_multipliers{2010} -0.77644
prior->YCS->process[Recruitment].recruitment_multipliers{2011} 2.50805
prior->YCS->process[Recruitment].recruitment_multipliers{2012} 2.50805
additional_prior->YCS_average_1 7.55392
additional_prior->smooth_YCS 0.557193
additional_prior->chatTANq -1.08588
total_score 685.647
*end

*hessian_matrix[Hessian]
hessian_matrix {matrix}
7.08555 -4.82008 1.04722 0.00943793 0.0980466 0.0421645 -0.236324 0.221595 -0.0335434 0.303243 0.198568 0.402975 0.814022 0.90602 1.53551 1.56421 1.46121 1.48162 1.63666 1.32246 0.764826 -0.00697193 -0.0613886 -0.987055 -0.455821 -0.0337183 0.371669 0.0791919 -0.375461 -0.937141 -1.5803 -2.47681 -2.26808 -2.00693 -1.63697 -2.09942 -1.91604 -2.2389 -2.62679 -2.90559 -3.30915 -2.36836 -1.90441 -1.15822 411.544 -467.419 0
-4.82008 4.75966 -0.407326 -0.103462 0.0193484 -0.0410603 0.113252 -0.127479 0.000213775 -0.19432 0.0703286 -0.0913058 -0.425675 -0.469298 -0.957409 -0.973117 -1.00638 -1.09983 -1.38234 -1.3039 -0.952437 -0.269459 -0.36092 0.871859 0.468371 0.0789113 -0.50083 -0.331853 -0.0791154 0.338641 0.876344 1.75755 1.46398 1.27443 0.755088 1.30515 1.05531 1.39104 1.91498 2.3709 3.08353 2.23773 1.9311 1.28419 380.36 -430.115 0
1.04722 -0.407326 0.50349 -0.06966 0.0649293 -0.022623 -0.0463976 0.0260832 -0.0273825 0.20655 0.132698 0.195118 0.254838 0.249951 0.344108 0.32815 0.22711 0.222126 0.22228 0.172689 0.0984397 0.0469976 0.0309858 -0.0652445 -0.0896474 -0.130477 -0.158507 -0.257886 -0.353381 -0.414122 -0.454443 -0.503585 -0.4579 -0.490862 -0.472802 -0.4845 -0.452504 -0.419421 -0.364801 -0.293411 -0.258488 -0.189924 -0.108202 -0.0586051 -53.6829 59.5233 0
0.00943793 -0.103462 -0.06966 14.6997 -18.0076 2.1962 -0.00486559 0.0290483 -0.0348977 0.388299 -0.0650023 -0.0587329 0.497839 0.520481 0.645136 0.592023 1.52306 0.43372 1.11149 1.20437 1.2099 1.20168 1.33757 1.47786 1.11406 1.00992 0.842372 0.1012 -0.416117 -1.08382 -2.29359 -3.01915 -2.69923 -4.03969 -4.37575 -3.0166 -2.96789 -2.289 -0.511261 -0.515938 -0.648227 -0.514087 -0.268136 -0.341959 1322.46 -1498.28 0
0.0980466 0.0193484 0.0649293 -18.0076 26.7992 -1.44555 0.0538274 -0.0528778 0.0394293 -0.274991 0.117411 0.240638 -0.292664 -0.403245 -0.344959 -0.295349 -1.58958 -0.290832 -1.0583 -1.05202 -1.17009 -1.0643 -1.36325 -1.9131 -1.25752 -1.07307 -1.45279 -1.04747 -1.01714 -0.585579 1.08661 1.90285 0.765828 3.33797 4.94515 3.21365 4.50536 4.1993 0.508985 0.55527 0.731499 0.572449 0.288746 0.403121 -3784.7 4283.68 0
0.0421645 -0.0410603 -0.022623 2.1962 -1.44555 1.27768 0.0378972 -0.022861 -0.00244306 0.07798 0.106656 0.106856 0.247178 0.208372 0.322888 0.263935 0.335192 0.248567 0.344223 0.340611 0.303553 0.245943 0.135886 0.0757426 -0.0257908 -0.147319 -0.258241 -0.403269 -0.583407 -0.708749 -0.816629 -0.892321 -0.843432 -0.712284 -0.538012 -0.363642 -0.255536 -0.172195 -0.100965 -0.124766 -0.108908 -0.0699525 -0.0113416 -0.0526019 -324.238 365.889 0
-0.236324 0.113252 -0.0463976 -0.00486559 0.0538274 0.0378972 15.6769 -12.6371 2.71905 0.328514 -0.282094 -0.0881502 0.205915 0.292679 0.518889 0.61488 1.13663 0.927445 1.51805 1.83984 1.9802 1.43066 0.82311 0.692726 2.96541 2.49471 2.41487 0.736958 -1.72113 -4.64377 -3.98967 -5.31913 -4.74964 -3.10981 -2.06813 -2.05825 -0.908739 -0.488319 -1.8701 -3.69455 -3.7458 -2.92348 -1.78428 -0.182204 -875.431 986.791 0
0.221595 -0.127479 0.0260832 0.0290483 -0.0528778 -0.022861 -12.6371 12.0714 -1.11009 -0.188734 0.17503 0.0685284 0.0100936 -0.18613 -0.105797 -0.211567 -0.605252 -0.398832 -0.818773 -1.14574 -1.43859 -1.24621 -0.413527 0.531194 -2.10134 -1.51246 -2.05674 -1.68251 0.119621 3.09641 1.88496 3.29497 3.52705 2.04348 1.18393 1.71562 0.845222 -0.232209 0.54318 3.08503 2.96083 2.64433 1.84182 0.11088 595.208 -668.875 0
-0.0335434 0.000213775 -0.0273825 -0.0348977 0.0394293 -0.00244306 2.71905 -1.11009 1.87641 0.097488 -0.016201 0.0550784 0.227946 0.226187 0.456611 0.440255 0.44595 0.441364 0.531151 0.516705 0.462961 0.387759 0.325466 0.288101 0.293226 0.0525275 -0.222652 -0.54335 -0.826533 -1.02616 -0.987413 -1.06573 -0.93632 -0.731009 -0.611482 -0.561362 -0.49106 -0.461392 -0.44781 -0.379849 -0.382796 -0.242769 -0.105112 -0.0428238 187.178 -211.328 0
0.303243 -0.19432 0.20655 0.388299 -0.274991 0.07798 0.328514 -0.188734 0.097488 377.625 -181.554 0.954532 0.446676 0.671524 -1.21374 0.908815 3.1115 -1.64979 0.205596 0.0610677 -0.257297 -0.27399 0.324581 0.278441 0.402708 0.378875 0.4655 -0.0886199 -0.448444 -0.92848 -1.35581 -1.84242 -1.58919 -1.65406 -0.848597 -0.259021 -0.09448 -0.0788823 -0.0494817 -0.19478 0.357319 0.371923 0.161066 0.391329 10850 -12285.1 0
0.198568 0.0703286 0.132698 -0.0650023 0.117411 0.106656 -0.282094 0.17503 -0.016201 -181.554 344.961 -168.195 3.16408 0.112252 -0.430987 3.73601 -3.01667 -0.199624 -0.31654 -0.378053 -0.330845 -0.415379 -0.701997 -0.781701 -0.746996 -0.814402 -0.865054 -0.488231 0.222768 1.19409 1.25111 0.62729 -0.147999 -0.190005 -0.223822 0.0172909 0.266848 0.388438 0.602962 0.672573 0.362305 0.592451 0.685327 0.316739 -8800.23 9964.95 0
0.402975 -0.0913058 0.195118 -0.0587329 0.240638 0.106856 -0.0881502 0.0685284 0.0550784 0.954532 -168.195 328.017 -160.696 0.533374 6.68604 -6.15117 1.65208 -0.270821 -0.313392 -0.496377 -0.706888 -0.832202 -0.819738 -0.906163 -0.800907 -0.711063 -0.628533 -0.56399 -0.367698 -0.0334544 0.143678 0.178022 0.211586 0.219527 0.189202 0.167983 0.17586 0.133867 0.24127 0.327882 0.0630667 0.258136 0.59918 0.325592 926.818 -1051.02 0
0.814022 -0.425675 0.254838 0.497839 -0.292664 0.247178 0.205915 0.0100936 0.227946 0.446676 3.16408 -160.696 315.155 -151.261 -4.08961 2.85524 -1.10262 0.589947 -0.45914 -0.560405 -0.588149 -0.812955 -0.727936 -0.755488 -0.260513 -0.172123 -0.0531827 -0.0319495 -0.298171 -1.13375 -1.9863 -2.23975 -1.73276 -1.09917 -0.590369 -0.223053 -0.0695173 0.166364 0.0447671 0.191098 0.717829 0.238944 -0.607474 0.0569302 -10550.3 11945.3 0
0.90602 -0.469298 0.249951 0.520481 -0.403245 0.208372 0.292679 -0.18613 0.226187 0.671524 0.112252 0.533374 -151.261 308.56 -153.381 4.03133 -0.947113 -1.03475 -0.399603 -0.645734 -1.00368 -1.07073 -0.94574 -1.23487 -1.38544 -1.43954 -1.4253 -1.67307 -1.51962 -0.762336 0.741135 1.89436 2.03068 0.927616 -0.185203 -0.729346 -0.789854 -0.762071 -0.271552 -0.14603 -0.412011 -0.196348 0.79718 0.280166 15019.9 -17009.6 0
1.53551 -0.957409 0.344108 0.645136 -0.344959 0.322888 0.518889 -0.105797 0.456611 -1.21374 -0.430987 6.68604 -4.08961 -153.381 319.866 -163.706 4.63858 -0.388604 -0.764872 -1.08934 -1.37885 -1.79333 -1.71567 -1.79452 -1.09639 -0.906978 -0.772224 -0.717438 -0.963566 -1.68602 -1.96496 -1.58091 -0.997277 -0.44712 -0.18548 -0.212163 -0.340065 -0.261579 -0.566829 -0.346559 0.222712 -0.34025 -1.02723 -0.285042 -7190.6 8138.35 0
1.56421 -0.973117 0.32815 0.592023 -0.295349 0.263935 0.61488 -0.211567 0.440255 0.908815 3.73601 -6.15117 2.85524 4.03133 -163.706 342.444 -173.35 3.27407 -0.498781 -1.39555 -2.10619 -2.52651 -2.31692 -2.47141 -1.9479 -1.77837 -1.59256 -1.59798 -1.57653 -1.52409 -1.05756 -0.460986 -0.176164 -0.229213 -0.225605 -0.333597 -0.441453 -0.500706 -0.583376 -0.384428 -0.369838 -0.401413 -0.180686 -0.0335916 3478.04 -3943.33 0
1.46121 -1.00638 0.22711 1.52306 -1.58958 0.335192 1.13663 -0.605252 0.44595 3.1115 -3.01667 1.65208 -1.10262 -0.947113 4.63858 -173.35 368.078 -178.563 1.54157 -0.811695 -2.04006 -2.49277 -2.20729 -2.19152 -1.51552 -1.42202 -1.33714 -1.89603 -2.439 -2.80409 -2.71979 -2.89225 -2.62339 -2.55083 -2.17846 -1.50973 -1.04406 -0.740368 -0.315188 -0.186088 0.00893433 0.100724 0.317436 0.235331 2007.97 -2273.33 0
1.48162 -1.09983 0.222126 0.43372 -0.290832 0.248567 0.927445 -0.398832 0.441364 -1.64979 -0.199624 -0.270821 0.589947 -1.03475 -0.388604 3.27407 -178.563 197.023 9.03115 2.22099 -2.24926 -3.86485 -4.08674 -4.50053 -3.72943 -3.61999 -3.14738 -2.53174 -1.71315 -0.983022 -0.985738 -1.01199 -1.2591 -1.34763 -1.02499 -0.758706 -0.526968 -0.496865 -0.482576 -0.314705 -0.590674 -0.0589458 0.291548 0.213015 -4960.37 5609.23 0
1.63666 -1.38234 0.22228 1.11149 -1.0583 0.344223 1.51805 -0.818773 0.531151 0.205596 -0.31654 -0.313392 -0.45914 -0.399603 -0.764872 -0.498781 1.54157 9.03115 30.1782 16.0774 2.43065 -3.02647 -4.30394 -4.92691 -3.89096 -3.61888 -3.24314 -3.25209 -3.1897 -3.1179 -2.80359 -2.4926 -2.06796 -1.94108 -1.71193 -1.48556 -1.24834 -1.07759 -0.887874 -0.60396 -0.545699 -0.348562 -0.143065 -0.0342758 5642.79 -6317.07 0
1.32246 -1.3039 0.172689 1.20437 -1.05202 0.340611 1.83984 -1.14574 0.516705 0.0610677 -0.378053 -0.496377 -0.560405 -0.645734 -1.08934 -1.39555 -0.811695 2.22099 16.0774 40.5726 20.3112 2.08896 -3.85898 -5.85949 -4.89327 -4.56594 -4.07538 -4.07102 -4.05024 -3.85825 -3.52906 -3.32649 -2.77374 -2.37219 -2.0193 -1.77415 -1.49002 -1.26264 -1.02913 -0.718505 -0.738974 -0.431441 -0.110332 -0.121595 5353.32 -6075.72 0
0.764826 -0.952437 0.0984397 1.2099 -1.17009 0.303553 1.9802 -1.43859 0.462961 -0.257297 -0.330845 -0.706888 -0.588149 -1.00368 -1.37885 -2.10619 -2.04006 -2.24926 2.43065 20.3112 55.447 23.5163 1.83809 -5.46786 -5.76573 -5.70825 -5.16447 -5.06639 -4.98492 -4.64571 -4.31182 -4.1497 -3.52425 -2.76829 -2.26624 -1.95757 -1.62233 -1.40354 -1.12679 -0.878541 -1.00473 -0.482606 -0.150363 -0.174599 1564.54 -1798.52 0
-0.00697193 -0.269459 0.0469976 1.20168 -1.0643 0.245943 1.43066 -1.24621 0.387759 -0.27399 -0.415379 -0.832202 -0.812955 -1.07073 -1.79333 -2.52651 -2.49277 -3.86485 -3.02647 2.08896 23.5163 84.9382 25.8971 1.36267 -5.24303 -6.92155 -6.61459 -6.4708 -6.20104 -5.75655 -5.17053 -4.69956 -3.86522 -3.16469 -2.63577 -2.31124 -1.91905 -1.68016 -1.4285 -1.08207 -1.09682 -0.590842 -0.418899 -0.260376 1538.82 -1701.3 0
-0.0613886 -0.36092 0.0309858 1.33757 -1.36325 0.135886 0.82311 -0.413527 0.325466 0.324581 -0.701997 -0.819738 -0.727936 -0.94574 -1.71567 -2.31692 -2.20729 -4.08674 -4.30394 -3.85898 1.83809 25.8971 74.8374 28.7404 1.69569 -7.09766 -8.09767 -8.27631 -8.01091 -7.53381 -6.42807 -5.23719 -3.97011 -3.72434 -3.24462 -2.79825 -2.33724 -1.99867 -1.77207 -1.31721 -1.09431 -0.950226 -0.620402 -0.226023 1076.22 -1240.61 0
-0.987055 0.871859 -0.0652445 1.47786 -1.9131 0.0757426 0.692726 0.531194 0.288101 0.278441 -0.781701 -0.906163 -0.755488 -1.23487 -1.79452 -2.47141 -2.19152 -4.50053 -4.92691 -5.85949 -5.46786 1.36267 28.7404 88.2706 24.8962 -2.55721 -9.04847 -10.0468 -9.70218 -8.91509 -7.46623 -6.19982 -4.9132 -4.34424 -3.60851 -3.144 -2.61996 -2.22291 -1.95909 -1.45643 -1.2094 -0.952629 -0.81611 -0.224587 6274.56 -7098.07 0
-0.455821 0.468371 -0.0896474 1.11406 -1.25752 -0.0257908 2.96541 -2.10134 0.293226 0.402708 -0.746996 -0.800907 -0.260513 -1.38544 -1.09639 -1.9479 -1.51552 -3.72943 -3.89096 -4.89327 -5.76573 -5.24303 1.69569 24.8962 60.9044 15.6806 -5.54515 -11.2273 -11.9055 -11.0329 -9.29561 -8.05801 -6.41121 -5.31449 -4.07866 -3.40729 -2.86473 -2.37554 -1.98467 -1.56627 -1.22691 -0.899442 -0.721492 -0.284711 -4966.79 5631.71 0
-0.0337183 0.0789113 -0.130477 1.00992 -1.07307 -0.147319 2.49471 -1.51246 0.0525275 0.378875 -0.814402 -0.711063 -0.172123 -1.43954 -0.906978 -1.77837 -1.42202 -3.61999 -3.61888 -4.56594 -5.70825 -6.92155 -7.09766 -2.55721 15.6806 49.6114 13.788 -7.71722 -13.4419 -13.3928 -11.3385 -10.0811 -8.08838 -6.40757 -4.71255 -3.84066 -3.18255 -2.64955 -2.21643 -1.81909 -1.19174 -0.807856 -0.80566 -0.313143 1452.64 -1654.83 0
0.371669 -0.50083 -0.158507 0.842372 -1.45279 -0.258241 2.41487 -2.05674 -0.222652 0.4655 -0.865054 -0.628533 -0.0531827 -1.4253 -0.772224 -1.59256 -1.33714 -3.14738 -3.24314 -4.07538 -5.16447 -6.61459 -8.09767 -9.04847 -5.54515 13.788 62.5265 17.8041 -9.34822 -15.5248 -14.0953 -12.7783 -10.1262 -7.84287 -5.68589 -4.40302 -3.46713 -2.86627 -2.38016 -1.84001 -1.0473 -0.694603 -0.832715 -0.313564 -2570.37 2921.17 0
0.0791919 -0.331853 -0.257886 0.1012 -1.04747 -0.403269 0.736958 -1.68251 -0.54335 -0.0886199 -0.488231 -0.56399 -0.0319495 -1.67307 -0.717438 -1.59798 -1.89603 -2.53174 -3.25209 -4.07102 -5.06639 -6.4708 -8.27631 -10.0468 -11.2273 -7.71722 17.8041 84.2435 22.0111 -11.2921 -16.7378 -16.5766 -13.3629 -9.92474 -7.13103 -5.23323 -3.74022 -2.87279 -2.04965 -1.64617 -1.25191 -0.589519 -0.445013 -0.283042 -3399.28 3840.29 0
-0.375461 -0.0791154 -0.353381 -0.416117 -1.01714 -0.583407 -1.72113 0.119621 -0.826533 -0.448444 0.222768 -0.367698 -0.298171 -1.51962 -0.963566 -1.57653 -2.439 -1.71315 -3.1897 -4.05024 -4.98492 -6.20104 -8.01091 -9.70218 -11.9055 -13.4419 -9.34822 22.0111 107.787 24.3553 -12.1635 -19.5597 -16.7286 -12.3491 -8.74209 -6.10792 -4.11603 -2.90541 -1.7237 -1.55466 -1.62686 -0.706442 0.0670927 -0.13304 -3919.73 4440.93 0
-0.937141 0.338641 -0.414122 -1.08382 -0.585579 -0.708749 -4.64377 3.09641 -1.02616 -0.92848 1.19409 -0.0334544 -1.13375 -0.762336 -1.68602 -1.52409 -2.80409 -0.983022 -3.1179 -3.85825 -4.64571 -5.75655 -7.53381 -8.91509 -11.0329 -13.3928 -15.5248 -11.2921 24.3553 144.455 34.8505 -11.9922 -18.3521 -14.428 -10.1774 -7.03632 -4.70709 -3.40722 -2.14204 -1.8535 -1.57822 -0.720064 0.0846332 -0.236761 -3161.27 3575.56 0
-1.5803 0.876344 -0.454443 -2.29359 1.08661 -0.816629 -3.98967 1.88496 -0.987413 -1.35581 1.25111 0.143678 -1.9863 0.741135 -1.96496 -1.05756 -2.71979 -0.985738 -2.80359 -3.52906 -4.31182 -5.17053 -6.42807 -7.46623 -9.29561 -11.3385 -14.0953 -16.7378 -12.1635 34.8505 203.655 46.82 -6.63714 -14.3692 -11.7745 -8.65704 -5.90459 -4.14809 -2.35009 -2.0018 -1.65174 -0.819159 0.13306 -0.049292 4948.48 -5605.24 0
-2.47681 1.75755 -0.503585 -3.01915 1.90285 -0.892321 -5.31913 3.29497 -1.06573 -1.84242 0.62729 0.178022 -2.23975 1.89436 -1.58091 -0.460986 -2.89225 -1.01199 -2.4926 -3.32649 -4.1497 -4.69956 -5.23719 -6.19982 -8.05801 -10.0811 -12.7783 -16.5766 -19.5597 -11.9922 46.82 229.775 61.0545 -1.99932 -13.3011 -11.0099 -7.5007 -4.9897 -2.51053 -1.92463 -2.02952 -0.981679 0.209884 0.420294 12212 -13831.9 0
-2.26808 1.46398 -0.4579 -2.69923 0.765828 -0.843432 -4.74964 3.52705 -0.93632 -1.58919 -0.147999 0.211586 -1.73276 2.03068 -0.997277 -0.176164 -2.62339 -1.2591 -2.06796 -2.77374 -3.52425 -3.86522 -3.97011 -4.9132 -6.41121 -8.08838 -10.1262 -13.3629 -16.7286 -18.3521 -6.63714 61.0545 254.482 55.6414 -4.79137 -11.9706 -9.03583 -6.37973 -3.7773 -3.23726 -2.48278 -1.12375 0.0144108 0.471312 12055 -13650.7 0
-2.00693 1.27443 -0.490862 -4.03969 3.33797 -0.712284 -3.10981 2.04348 -0.731009 -1.65406 -0.190005 0.219527 -1.09917 0.927616 -0.44712 -0.229213 -2.55083 -1.34763 -1.94108 -2.37219 -2.76829 -3.16469 -3.72434 -4.34424 -5.31449 -6.40757 -7.84287 -9.92474 -12.3491 -14.428 -14.3692 -1.99932 55.6414 174.571 48.1666 -3.27684 -10.046 -7.62649 -5.11395 -4.58113 -2.94022 -1.11573 -0.154175 0.222378 9203.5 -10426.9 0
-1.63697 0.755088 -0.472802 -4.37575 4.94515 -0.538012 -2.06813 1.18393 -0.611482 -0.848597 -0.223822 0.189202 -0.590369 -0.185203 -0.18548 -0.225605 -2.17846 -1.02499 -1.71193 -2.0193 -2.26624 -2.63577 -3.24462 -3.60851 -4.07866 -4.71255 -5.68589 -7.13103 -8.74209 -10.1774 -11.7745 -13.3011 -4.79137 48.1666 200.098 37.7416 -7.04007 -8.88176 -6.60273 -5.93091 -3.42525 -1.77376 -0.591193 0.00450304 2088.6 -2362.67 0
-2.09942 1.30515 -0.4845 -3.0166 3.21365 -0.363642 -2.05825 1.71562 -0.561362 -0.259021 0.0172909 0.167983 -0.223053 -0.729346 -0.212163 -0.333597 -1.50973 -0.758706 -1.48556 -1.77415 -1.95757 -2.31124 -2.79825 -3.144 -3.40729 -3.84066 -4.40302 -5.23323 -6.10792 -7.03632 -8.65704 -11.0099 -11.9706 -3.27684 37.7416 117.259 10.9401 -8.28809 -8.24288 -7.43845 -4.53597 -2.37781 -1.18162 -0.0259643 -5074.23 5740.13 0
-1.91604 1.05531 -0.452504 -2.96789 4.50536 -0.255536 -0.908739 0.845222 -0.49106 -0.09448 0.266848 0.17586 -0.0695173 -0.789854 -0.340065 -0.441453 -1.04406 -0.526968 -1.24834 -1.49002 -1.62233 -1.91905 -2.33724 -2.61996 -2.86473 -3.18255 -3.46713 -3.74022 -4.11603 -4.70709 -5.90459 -7.5007 -9.03583 -10.046 -7.04007 10.9401 41.4172 5.11498 -8.25366 -9.17407 -6.13001 -3.23979 -1.66628 -0.176061 -4119.02 4662.52 0
-2.2389 1.39104 -0.419421 -2.289 4.1993 -0.172195 -0.488319 -0.232209 -0.461392 -0.0788823 0.388438 0.133867 0.166364 -0.762071 -0.261579 -0.500706 -0.740368 -0.496865 -1.07759 -1.26264 -1.40354 -1.68016 -1.99867 -2.22291 -2.37554 -2.64955 -2.86627 -2.87279 -2.90541 -3.40722 -4.14809 -4.9897 -6.37973 -7.62649 -8.88176 -8.28809 5.11498 57.8364 7.39016 -8.88306 -7.84595 -4.27443 -2.19211 -0.453067 -3027.98 3428.73 0
-2.62679 1.91498 -0.364801 -0.511261 0.508985 -0.100965 -1.8701 0.54318 -0.44781 -0.0494817 0.602962 0.24127 0.0447671 -0.271552 -0.566829 -0.583376 -0.315188 -0.482576 -0.887874 -1.02913 -1.12679 -1.4285 -1.77207 -1.95909 -1.98467 -2.21643 -2.38016 -2.04965 -1.7237 -2.14204 -2.35009 -2.51053 -3.7773 -5.11395 -6.60273 -8.24288 -8.25366 7.39016 72.6789 13.2931 -7.43762 -5.55545 -2.93654 -0.609668 -2339.59 2645.6 0
-2.90559 2.3709 -0.293411 -0.515938 0.55527 -0.124766 -3.69455 3.08503 -0.379849 -0.19478 0.672573 0.327882 0.191098 -0.14603 -0.346559 -0.384428 -0.186088 -0.314705 -0.60396 -0.718505 -0.878541 -1.08207 -1.31721 -1.45643 -1.56627 -1.81909 -1.84001 -1.64617 -1.55466 -1.8535 -2.0018 -1.92463 -3.23726 -4.58113 -5.93091 -7.43845 -9.17407 -8.88306 13.2931 168.412 10.3422 -5.75671 -3.38259 -0.916411 -1149.91 1302.14 0
-3.30915 3.08353 -0.258488 -0.648227 0.731499 -0.108908 -3.7458 2.96083 -0.382796 0.357319 0.362305 0.0630667 0.717829 -0.412011 0.222712 -0.369838 0.00893433 -0.590674 -0.545699 -0.738974 -1.00473 -1.09682 -1.09431 -1.2094 -1.22691 -1.19174 -1.0473 -1.25191 -1.62686 -1.57822 -1.65174 -2.02952 -2.48278 -2.94022 -3.42525 -4.53597 -6.13001 -7.84595 -7.43762 10.3422 93.1157 4.92459 -3.06457 -1.04803 -8739.76 9896.06 0
-2.36836 2.23773 -0.189924 -0.514087 0.572449 -0.0699525 -2.92348 2.64433 -0.242769 0.371923 0.592451 0.258136 0.238944 -0.196348 -0.34025 -0.401413 0.100724 -0.0589458 -0.348562 -0.431441 -0.482606 -0.590842 -0.950226 -0.952629 -0.899442 -0.807856 -0.694603 -0.589519 -0.706442 -0.720064 -0.819159 -0.981679 -1.12375 -1.11573 -1.77376 -2.37781 -3.23979 -4.27443 -5.55545 -5.75671 4.92459 78.2046 0.917642 -1.1735 -8688.69 9839.67 0
-1.90441 1.9311 -0.108202 -0.268136 0.288746 -0.0113416 -1.78428 1.84182 -0.105112 0.161066 0.685327 0.59918 -0.607474 0.79718 -1.02723 -0.180686 0.317436 0.291548 -0.143065 -0.110332 -0.150363 -0.418899 -0.620402 -0.81611 -0.721492 -0.80566 -0.832715 -0.445013 0.0670927 0.0846332 0.13306 0.209884 0.0144108 -0.154175 -0.591193 -1.18162 -1.66628 -2.19211 -2.93654 -3.38259 -3.06457 0.917642 63.1763 -0.730269 2641.75 -3004.72 0
-1.15822 1.28419 -0.0586051 -0.341959 0.403121 -0.0526019 -0.182204 0.11088 -0.0428238 0.391329 0.316739 0.325592 0.0569302 0.280166 -0.285042 -0.0335916 0.235331 0.213015 -0.0342758 -0.121595 -0.174599 -0.260376 -0.226023 -0.224587 -0.284711 -0.313143 -0.313564 -0.283042 -0.13304 -0.236761 -0.049292 0.420294 0.471312 0.222378 0.00450304 -0.0259643 -0.176061 -0.453067 -0.609668 -0.916411 -1.04803 -1.1735 -0.730269 29.123 299.035 -346.135 0
411.544 380.36 -53.6829 1322.46 -3784.7 -324.238 -875.431 595.208 187.178 10850 -8800.23 926.818 -10550.3 15019.9 -7190.6 3478.04 2007.97 -4960.37 5642.79 5353.32 1564.54 1538.82 1076.22 6274.56 -4966.79 1452.64 -2570.37 -3399.28 -3919.73 -3161.27 4948.48 12212 12055 9203.5 2088.6 -5074.23 -4119.02 -3027.98 -2339.59 -1149.91 -8739.76 -8688.69 2641.75 299.035 8.20816e+09 -8.26375e+09 0
-467.419 -430.115 59.5233 -1498.28 4283.68 365.889 986.791 -668.875 -211.328 -12285.1 9964.95 -1051.02 11945.3 -17009.6 8138.35 -3943.33 -2273.33 5609.23 -6317.07 -6075.72 -1798.52 -1701.3 -1240.61 -7098.07 5631.71 -1654.83 2921.17 3840.29 4440.93 3575.56 -5605.24 -13831.9 -13650.7 -10426.9 -2362.67 5740.13 4662.52 3428.73 2645.6 1302.14 9896.06 9839.67 -3004.72 -346.135 -8.26375e+09 8.52026e+09 0
0 0 0 0 0 0 0 0 0 0 0 0 0 0 0 0 0 0 0 0 0 0 0 0 0 0 0 0 0 0 0 0 0 0 0 0 0 0 0 0 0 0 0 0 0 0 0
*end

*catchability[__chatTANq__]
q: 0.0259136
*end

*derived_quantity[SSB]
SSB {list}
type: biomass
initialisation_phase[1]: 100000
values {vector}
1975 99925.7
1976 99653.2
1977 98983.8
1978 98759.5
1979 99592.6
1980 101717
1981 105883
1982 112011
1983 119530
1984 127589
1985 135267
1986 142119
1987 147670
1988 151169
1989 151554
1990 148375
1991 142355
1992 134416
1993 125229
1994 116040
1995 108154
1996 102474
1997 98912.2
1998 96795
1999 93963.9
2000 89933.3
2001 85511.3
2002 80730.6
2003 75933.3
2004 70488.1
2005 64412.9
2006 60430.3
2007 59537
2008 60066.3
2009 60793.3
2010 60983.8
2011 60416
2012 58791.7
{end_list}
*end

*observation[chatTANbiomass]
observation_type: biomass
likelihood: lognormal
error_value_multiplier: 1
likelihood_multiplier: 1
categories: HAK4
Values {dataframe}
year category age length observed expected residual error_value process_error adjusted_error neglogLike pearsons_residuals normalised_residuals
1992 HAK4 0 0 4180 3272.4 907.601 0.15 0.2 0.25 -0.777357 1.1094 1.11729
1993 HAK4 0 0 2950 3029.5 -79.4995 0.17 0.2 0.262488 -1.35396 -0.0999733 0.0260444
1994 HAK4 0 0 3353 2822.2 530.8 0.1 0.2 0.223607 -1.11347 0.841119 0.890661
1995 HAK4 0 0 3303 2663.46 639.536 0.23 0.2 0.304795 -0.831116 0.787789 0.87106
1996 HAK4 0 0 2457 2542.21 -85.2072 0.13 0.2 0.238537 -1.44676 -0.140511 -0.0272973
1997 HAK4 0 0 2811 2455.84 355.163 0.17 0.2 0.262488 -1.14152 0.550958 0.652342
1998 HAK4 0 0 2873 2385.25 487.75 0.18 0.2 0.269072 -0.980975 0.759967 0.835914
1999 HAK4 0 0 2302 2253.3 48.7034 0.12 0.2 0.233238 -1.44737 0.0926705 0.207989
2000 HAK4 0 0 2091 2125.5 -34.5003 0.09 0.2 0.219317 -1.52849 -0.0740097 0.0328713
2001 HAK4 0 0 1589 1984.84 -395.844 0.13 0.2 0.238537 -1.1044 -0.836069 -0.827927
2002 HAK4 0 0 1567 1861.65 -294.648 0.15 0.2 0.25 -1.23526 -0.633091 -0.576666
2003 HAK4 0 0 888 1747.92 -859.923 0.16 0.2 0.256125 1.90027 -1.92081 -2.5606
2004 HAK4 0 0 1547 1627.02 -80.0163 0.17 0.2 0.262488 -1.3521 -0.18736 -0.0663053
2005 HAK4 0 0 1048 1519.38 -471.38 0.18 0.2 0.269072 -0.520529 -1.15302 -1.27265
2006 HAK4 0 0 1384 1522.35 -138.349 0.19 0.2 0.275862 -1.28289 -0.329436 -0.2164
2007 HAK4 0 0 1824 1533.1 290.902 0.12 0.2 0.233238 -1.09058 0.813538 0.869964
2008 HAK4 0 0 1257 1543.55 -286.553 0.13 0.2 0.238537 -1.16186 -0.778265 -0.755337
2009 HAK4 0 0 2419 1527.95 891.047 0.21 0.2 0.29 0.288553 2.01091 1.75884
2010 HAK4 0 0 1700 1523.66 176.343 0.25 0.2 0.320156 -1.03513 0.361501 0.506773
2011 HAK4 0 0 1099 1502.87 -403.872 0.15 0.2 0.25 -0.742557 -1.07493 -1.14802
2012 HAK4 0 0 1292 1531.42 -239.423 0.15 0.2 0.25 -1.24058 -0.625362 -0.567352
*end

*observation[chatTANage]
observation_type: proportions_at_age
likelihood: multinomial
error_value_multiplier: 1
likelihood_multiplier: 1
categories: HAK4
Values {dataframe}
year category age length observed expected residual error_value process_error adjusted_error neglogLike pearsons_residuals
1990 HAK4 3 0 0.1235 0.0536095 0.0698905 25 0 25 10.9369 1.55143
1990 HAK4 4 0 0.1068 0.0739233 0.0328767 25 0 25 8.34782 0.628266
1990 HAK4 5 0 0.0935 0.0691885 0.0243115 25 0 25 7.26943 0.478998
1990 HAK4 6 0 0.0939 0.075413 0.018487 25 0 25 7.10441 0.350058
1990 HAK4 7 0 0.1065 0.126647 -0.0201466 25 0 25 6.88619 -0.302886
1990 HAK4 8 0 0.0845 0.125553 -0.0410528 25 0 25 5.18292 -0.619488
1990 HAK4 9 0 0.0544 0.108153 -0.053753 25 0 25 3.21608 -0.865383
1990 HAK4 10 0 0.1283 0.0900628 0.0382372 25 0 25 9.77965 0.667847
1990 HAK4 11 0 0.0489 0.0729746 -0.0240746 25 0 25 3.30941 -0.462805
1990 HAK4 12 0 0.043 0.0577357 -0.0147357 25 0 25 3.09926 -0.315888
1990 HAK4 13 0 0.0162 0.0445512 -0.0283512 25 0 25 1.14009 -0.687082
1990 HAK4 14 0 0.0401 0.0330903 0.00700968 25 0 25 3.41809 0.195941
1990 HAK4 15 0 0.0162 0.0229788 -0.00677877 25 0 25 1.40823 -0.226207
1990 HAK4 16 0 0.0274 0.0147335 0.0126665 25 0 25 2.79023 0.525649
1990 HAK4 17 0 0.0035 0.00928686 -0.00578686 25 0 25 0.364963 -0.301651
1990 HAK4 18 0 0.0025 0.00625564 -0.00375564 25 0 25 0.284185 -0.238167
1990 HAK4 19 0 0.0107 0.0158437 -0.00514366 25 0 25 1.00671 -0.20596
1992 HAK4 3 0 0.024 0.0722368 -0.0482368 37 0 37 2.29028 -1.1334
1992 HAK4 4 0 0.0471 0.084844 -0.037744 37 0 37 4.76839 -0.823931
1992 HAK4 5 0 0.0446 0.0686392 -0.0240392 37 0 37 4.81641 -0.57833
1992 HAK4 6 0 0.0708 0.0803889 -0.00958887 37 0 37 7.93894 -0.21452
1992 HAK4 7 0 0.0778 0.0724948 0.00530524 37 0 37 9.19552 0.12445
1992 HAK4 8 0 0.1039 0.0754157 0.0284843 37 0 37 12.8828 0.65615
1992 HAK4 9 0 0.0671 0.102464 -0.0353643 37 0 37 6.83813 -0.709338
1992 HAK4 10 0 0.1212 0.0999757 0.0212243 37 0 37 14.2595 0.430387
1992 HAK4 11 0 0.087 0.0826974 0.0043026 37 0 37 10.0971 0.0950233
1992 HAK4 12 0 0.1111 0.0669554 0.0441446 37 0 37 14.4603 1.07432
1992 HAK4 13 0 0.0791 0.0531319 0.0259681 37 0 37 10.2903 0.704237
1992 HAK4 14 0 0.0438 0.0412203 0.00257966 37 0 37 5.54079 0.0789311
1992 HAK4 15 0 0.0412 0.0311711 0.0100289 37 0 37 5.58901 0.35104
1992 HAK4 16 0 0.0244 0.0227065 0.00169345 37 0 37 3.37921 0.069149
1992 HAK4 17 0 0.029 0.0156074 0.0133926 37 0 37 4.49625 0.657229
1992 HAK4 18 0 0.0121 0.0100378 0.00206217 37 0 37 1.93865 0.125834
1992 HAK4 19 0 0.0158 0.0200128 -0.00421279 37 0 37 2.17216 -0.182981
1993 HAK4 3 0 0.0999 0.110413 -0.0105128 31 0 31 8.73891 -0.186764
1993 HAK4 4 0 0.0576 0.0801234 -0.0225234 31 0 31 5.01183 -0.461925
1993 HAK4 5 0 0.0828 0.0870789 -0.00427892 31 0 31 7.5408 -0.0844971
1993 HAK4 6 0 0.0412 0.0707134 -0.0295134 31 0 31 3.52411 -0.641024
1993 HAK4 7 0 0.0582 0.0756751 -0.0174751 31 0 31 5.17743 -0.367885
1993 HAK4 8 0 0.0646 0.0668084 -0.00220838 31 0 31 6.11444 -0.049244
1993 HAK4 9 0 0.0401 0.0668804 -0.0267804 31 0 31 3.48333 -0.596871
1993 HAK4 10 0 0.0571 0.0841638 -0.0270638 31 0 31 4.87274 -0.542748
1993 HAK4 11 0 0.0587 0.0822376 -0.0235376 31 0 31 5.07921 -0.477027
1993 HAK4 12 0 0.0842 0.0678322 0.0163678 31 0 31 8.34784 0.362416
1993 HAK4 13 0 0.1388 0.0544019 0.0843981 31 0 31 16.171 2.07183
1993 HAK4 14 0 0.041 0.042794 -0.00179397 31 0 31 4.14239 -0.0493517
1993 HAK4 15 0 0.0636 0.0329267 0.0306733 31 0 31 7.3971 0.957059
1993 HAK4 16 0 0.0432 0.0246916 0.0185084 31 0 31 5.13489 0.664054
1993 HAK4 17 0 0.032 0.0178522 0.0141478 31 0 31 3.99006 0.594888
1993 HAK4 18 0 0.0111 0.0122259 -0.00112586 31 0 31 1.40094 -0.0570424
1993 HAK4 19 0 0.026 0.0231818 0.00281823 31 0 31 2.96474 0.104274
1994 HAK4 3 0 0.2247 0.16333 0.0613696 34 0 34 23.6844 0.968016
1994 HAK4 4 0 0.0891 0.112019 -0.022919 34 0 34 8.46043 -0.423729
1994 HAK4 5 0 0.0852 0.0802992 0.00490083 34 0 34 8.96937 0.105155
1994 HAK4 6 0 0.0787 0.0802206 -0.00152062 34 0 34 8.15089 -0.0326419
1994 HAK4 7 0 0.045 0.0645641 -0.0195641 34 0 34 4.49834 -0.464191
1994 HAK4 8 0 0.0532 0.0631181 -0.00991813 34 0 34 5.52137 -0.237821
1994 HAK4 9 0 0.0265 0.0545759 -0.0280759 34 0 34 2.58163 -0.720708
1994 HAK4 10 0 0.0352 0.0531165 -0.0179165 34 0 34 3.60814 -0.465833
1994 HAK4 11 0 0.0376 0.0632004 -0.0256004 34 0 34 3.67159 -0.613484
1994 HAK4 12 0 0.0507 0.061744 -0.011044 34 0 34 5.25428 -0.267552
1994 HAK4 13 0 0.0209 0.0509828 -0.0300828 34 0 34 2.02138 -0.797459
1994 HAK4 14 0 0.0497 0.0405689 0.00913108 34 0 34 5.84211 0.269872
1994 HAK4 15 0 0.0251 0.0316736 -0.00657363 34 0 34 2.89134 -0.218869
1994 HAK4 16 0 0.0312 0.0241992 0.00700083 34 0 34 3.97458 0.265649
1994 HAK4 17 0 0.0476 0.0180208 0.0295792 34 0 34 6.87117 1.29655
1994 HAK4 18 0 0.0335 0.0129491 0.0205509 34 0 34 5.01575 1.05994
1994 HAK4 19 0 0.0663 0.0254172 0.0408828 34 0 34 9.21824 1.51463
1995 HAK4 3 0 0.173 0.130587 0.0424131 22 0 22 10.638 0.590403
1995 HAK4 4 0 0.1344 0.166724 -0.032324 22 0 22 7.03462 -0.406764
1995 HAK4 5 0 0.0868 0.112294 -0.0254935 22 0 22 4.78697 -0.37873
1995 HAK4 6 0 0.0491 0.0786539 -0.0295539 22 0 22 2.78257 -0.514937
1995 HAK4 7 0 0.0759 0.0717899 0.00411013 22 0 22 4.80924 0.0746814
1995 HAK4 8 0 0.0608 0.056634 0.00416598 22 0 22 4.01758 0.0845377
1995 HAK4 9 0 0.0229 0.0510956 -0.0281956 22 0 22 1.37769 -0.600606
1995 HAK4 10 0 0.0623 0.0437478 0.0185522 22 0 22 4.48692 0.425443
1995 HAK4 11 0 0.0375 0.0419743 -0.00447428 22 0 22 2.5521 -0.104654
1995 HAK4 12 0 0.0543 0.0478059 0.00649411 22 0 22 3.72633 0.142767
1995 HAK4 13 0 0.0517 0.046577 0.00512298 22 0 22 3.55202 0.114026
1995 HAK4 14 0 0.093 0.0386046 0.0543954 22 0 22 7.39448 1.32435
1995 HAK4 15 0 0.0294 0.0305343 -0.00113426 22 0 22 2.15086 -0.0309217
1995 HAK4 16 0 0.0168 0.0236818 -0.00688176 22 0 22 1.26616 -0.21228
1995 HAK4 17 0 0.0222 0.0179802 0.00421983 22 0 22 1.84149 0.148953
1995 HAK4 18 0 0.0201 0.0133049 0.00679508 22 0 22 1.78883 0.278169
1995 HAK4 19 0 0.01 0.0280115 -0.0180115 22 0 22 0.695627 -0.511992
1996 HAK4 3 0 0.1225 0.113485 0.00901492 20 0 20 6.47764 0.127106
1996 HAK4 4 0 0.1991 0.138441 0.0606589 20 0 20 11.0246 0.785479
1996 HAK4 5 0 0.2293 0.162512 0.0667882 20 0 20 12.4299 0.809624
1996 HAK4 6 0 0.1278 0.109296 0.0185036 20 0 20 6.92146 0.265217
1996 HAK4 7 0 0.0678 0.0735492 -0.00574921 20 0 20 3.72752 -0.0984971
1996 HAK4 8 0 0.058 0.061521 -0.003521 20 0 20 3.31015 -0.0655325
1996 HAK4 9 0 0.0198 0.047493 -0.027693 20 0 20 1.08732 -0.582286
1996 HAK4 10 0 0.0431 0.0404788 0.00262122 20 0 20 2.7124 0.059481
1996 HAK4 11 0 0.0038 0.0347003 -0.0309003 20 0 20 0.216151 -0.755058
1996 HAK4 12 0 0.0206 0.0330381 -0.0124381 20 0 20 1.28468 -0.311213
1996 HAK4 13 0 0.0328 0.0362655 -0.00346551 20 0 20 2.07167 -0.0829004
1996 HAK4 14 0 0.0242 0.0351674 -0.0109674 20 0 20 1.49901 -0.266271
1996 HAK4 15 0 0.0136 0.0293008 -0.0157008 20 0 20 0.85721 -0.416345
1996 HAK4 16 0 0.0151 0.0230768 -0.00797675 20 0 20 1.02971 -0.237588
1996 HAK4 17 0 0.0145 0.0177906 -0.00329057 20 0 20 1.06201 -0.111324
1996 HAK4 18 0 0.0079 0.0134262 -0.00552619 20 0 20 0.608969 -0.214733
1996 HAK4 19 0 0.0001 0.030458 -0.030358 20 0 20 0.00583167 -0.790049
1997 HAK4 3 0 0.2073 0.105731 0.101569 21 0 21 13.5049 1.51369
1997 HAK4 4 0 0.1483 0.120024 0.028276 21 0 21 8.53968 0.398711
1997 HAK4 5 0 0.1522 0.139468 0.0127319 21 0 21 8.33983 0.168415
1997 HAK4 6 0 0.1318 0.152162 -0.0203616 21 0 21 6.71916 -0.259785
1997 HAK4 7 0 0.0544 0.102204 -0.0478045 21 0 21 2.67212 -0.723194
1997 HAK4 8 0 0.076 0.0656092 0.0103908 21 0 21 4.70198 0.192314
1997 HAK4 9 0 0.0225 0.0508863 -0.0283863 21 0 21 1.28575 -0.591914
1997 HAK4 10 0 0.0259 0.0387973 -0.0128973 21 0 21 1.64906 -0.306055
1997 HAK4 11 0 0.0091 0.0320124 -0.0229124 21 0 21 0.574944 -0.596467
1997 HAK4 12 0 0.0179 0.027498 -0.00959802 21 0 21 1.23302 -0.268965
1997 HAK4 13 0 0.0392 0.0259748 0.0132252 21 0 21 2.94092 0.381022
1997 HAK4 14 0 0.035 0.0275917 0.00740834 21 0 21 2.5508 0.207261
1997 HAK4 15 0 0.0154 0.0265655 -0.0111655 21 0 21 1.06151 -0.318183
1997 HAK4 16 0 0.0019 0.022233 -0.020333 21 0 21 0.13012 -0.631968
1997 HAK4 17 0 0.0318 0.0174461 0.0143539 21 0 21 2.60157 0.502403
1997 HAK4 18 0 0.0062 0.0133612 -0.00716121 21 0 21 0.49984 -0.285821
